20230803 18 07 49.943 0.9999558140 0.0081869671 0.0046199076 43.4354942982 -0.0074875427 0.9907961699 -0.1351550456 -29.4314137502 -0.0056838967 0.1351144819 0.9908136909 155.8324651060 0.0000000000 0.0000000000 0.0000000000 1.0000000000
20230803 18 07 50.002 0.9999267259 0.0093995917 0.0076282658 43.4425827474 -0.0082683299 0.9905699347 -0.1367583240 -29.4775710550 -0.0088418031 0.1366852301 0.9905750705 155.8575677946 0.0000000000 0.0000000000 0.0000000000 1.0000000000
20230803 18 07 50.065 0.9999236036 0.0100726833 0.0071643506 43.4368861260 -0.0089759972 0.9901970563 -0.1393887412 -29.4739745672 -0.0084981375 0.1393137852 0.9902118212 155.8288495642 0.0000000000 0.0000000000 0.0000000000 1.0000000000
20230803 18 07 50.125 0.9999086206 0.0105139365 0.0084975055 43.4578091424 -0.0092259720 0.9901769838 -0.1395149531 -29.5028008324 -0.0098808857 0.1394238066 0.9901835033 155.8753610654 0.0000000000 0.0000000000 0.0000000000 1.0000000000
20230803 18 07 50.184 0.9998985207 0.0087026148 0.0112788691 43.4856454292 -0.0070903639 0.9907058372 -0.1358369275 -29.5590938793 -0.0123561779 0.1357431715 0.9906670057 155.9368196159 0.0000000000 0.0000000000 0.0000000000 1.0000000000
20230803 18 07 50.244 0.9999377079 0.0088100173 0.0068530294 43.4554730107 -0.0077759441 0.9903278082 -0.1385292999 -29.6033789982 -0.0080071911 0.1384673819 0.9903346248 155.7922361622 0.0000000000 0.0000000000 0.0000000000 1.0000000000
20230803 18 07 50.303 0.9999214614 0.0090932247 0.0086246331 43.4487250981 -0.0078521267 0.9908990813 -0.1343776572 -29.6448279597 -0.0097680672 0.1342993816 0.9908926586 155.7890377088 0.0000000000 0.0000000000 0.0000000000 1.0000000000
20230803 18 07 50.362 0.9999079987 0.0100183609 0.0091447532 43.4913726557 -0.0086442275 0.9901723410 -0.1395851441 -29.6809704052 -0.0104532960 0.1394932527 0.9901678449 155.8491576097 0.0000000000 0.0000000000 0.0000000000 1.0000000000
20230803 18 07 50.422 0.9999091072 0.0100191031 0.0090219102 43.4818090475 -0.0086919213 0.9905711716 -0.1367230941 -29.6674118755 -0.0103066869 0.1366322492 0.9905682211 155.7954246945 0.0000000000 0.0000000000 0.0000000000 1.0000000000
20230803 18 07 50.482 0.9999219713 0.0096461548 0.0079374464 43.4808094783 -0.0085109997 0.9911652175 -0.1323596409 -29.6637144850 -0.0091440824 0.1322817574 0.9911699765 155.7658270889 0.0000000000 0.0000000000 0.0000000000 1.0000000000
20230803 18 07 50.541 0.9999310822 0.0089445502 0.0076043275 43.4938232817 -0.0078430948 0.9909185038 -0.1342348860 -29.7136483401 -0.0087359395 0.1341659934 0.9909203649 155.8486171979 0.0000000000 0.0000000000 0.0000000000 1.0000000000
20230803 18 07 50.601 0.9999334743 0.0097584158 0.0061498192 43.4792373856 -0.0088623147 0.9912254833 -0.1318844211 -29.7216417534 -0.0073828406 0.1318211458 0.9912460235 155.7038642817 0.0000000000 0.0000000000 0.0000000000 1.0000000000
20230803 18 07 50.660 0.9999319062 0.0093102777 0.0070357431 43.4938980218 -0.0083181364 0.9914992721 -0.1298460708 -29.7363633963 -0.0081848371 0.1297787048 0.9915092013 155.7612612713 0.0000000000 0.0000000000 0.0000000000 1.0000000000
20230803 18 07 50.720 0.9999498083 0.0082962276 0.0056172422 43.4811979136 -0.0074926525 0.9914255008 -0.1304581790 -29.6869706936 -0.0066513880 0.1304095431 0.9914379003 155.7463205020 0.0000000000 0.0000000000 0.0000000000 1.0000000000
20230803 18 07 50.777 0.9999423055 0.0079674971 0.0072044925 43.4757167678 -0.0069527396 0.9913177007 -0.1313045149 -29.5929388994 -0.0081881093 0.1312468484 0.9913159031 155.7482036660 0.0000000000 0.0000000000 0.0000000000 1.0000000000
20230803 18 07 50.836 0.9999582070 0.0082445779 0.0039511027 43.4552639581 -0.0076609243 0.9914811957 -0.1300244160 -29.5258989127 -0.0049894404 0.1299887128 0.9915029198 155.7045584300 0.0000000000 0.0000000000 0.0000000000 1.0000000000
20230803 18 07 50.897 0.9999428104 0.0084022637 0.0066164834 43.4872675059 -0.0074274022 0.9907313999 -0.1356323228 -29.5200371313 -0.0076947764 0.1355754228 0.9907371474 155.8201277126 0.0000000000 0.0000000000 0.0000000000 1.0000000000
20230803 18 07 50.970 0.9999538145 0.0088183011 0.0038218304 43.4404122308 -0.0082193981 0.9907488049 -0.1354593924 -29.4899685229 -0.0049809956 0.1354217230 0.9907755279 155.6197338927 0.0000000000 0.0000000000 0.0000000000 1.0000000000
20230803 18 07 51.028 0.9999139611 0.0080137309 0.0103851143 43.5025924024 -0.0065697038 0.9911876655 -0.1323021192 -29.5548304049 -0.0113538308 0.1322225089 0.9911550326 155.8887029388 0.0000000000 0.0000000000 0.0000000000 1.0000000000
20230803 18 07 51.085 0.9999301239 0.0097350771 0.0067063786 43.5047883393 -0.0086936590 0.9899925830 -0.1408513608 -29.5052597570 -0.0080104640 0.1407832157 0.9900080397 155.8627632834 0.0000000000 0.0000000000 0.0000000000 1.0000000000
20230803 18 07 51.142 0.9999372000 0.0081276166 0.0077160817 43.4724486068 -0.0070107181 0.9908043796 -0.1351204320 -29.4197501775 -0.0087433346 0.1350578512 0.9907991375 155.7620432005 0.0000000000 0.0000000000 0.0000000000 1.0000000000
20230803 18 07 51.210 0.9999404046 0.0081240758 0.0072929113 43.4808195101 -0.0070916425 0.9912418698 -0.1318683592 -29.3474764069 -0.0083003476 0.1318087818 0.9912404094 155.7652151176 0.0000000000 0.0000000000 0.0000000000 1.0000000000
20230803 18 07 51.268 0.9999052482 0.0106873592 0.0086761186 43.4733910677 -0.0093524296 0.9898921244 -0.1415136536 -29.3214476404 -0.0101008287 0.1414191021 0.9898982831 155.7933035501 0.0000000000 0.0000000000 0.0000000000 1.0000000000
20230803 18 07 51.393 0.9999117216 0.0109365573 0.0075459127 43.4833205295 -0.0097623988 0.9899417472 -0.1411383460 -29.3250924484 -0.0090135816 0.1410522203 0.9899611237 155.8352885677 0.0000000000 0.0000000000 0.0000000000 1.0000000000
20230803 18 07 51.457 0.9999085483 0.0109873383 0.0078850075 43.4337602260 -0.0097328841 0.9894550785 -0.1445126934 -29.2717148090 -0.0093896706 0.1444227336 0.9894715297 155.7343044751 0.0000000000 0.0000000000 0.0000000000 1.0000000000
20230803 18 07 51.515 0.9998848796 0.0102172424 0.0112176468 43.4629528274 -0.0085141999 0.9897483668 -0.1425681550 -29.2805920094 -0.0125593010 0.1424562332 0.9897214182 155.9406724510 0.0000000000 0.0000000000 0.0000000000 1.0000000000
20230803 18 07 51.581 0.9999381562 0.0100217340 0.0048216786 43.3576489791 -0.0092728979 0.9906629410 -0.1360181999 -29.1943064104 -0.0061397965 0.1359650771 0.9906946052 155.6118940397 0.0000000000 0.0000000000 0.0000000000 1.0000000000
20230803 18 07 51.639 0.9999301647 0.0083809971 0.0083321443 43.3576463191 -0.0072139073 0.9913051216 -0.1313853699 -29.2332349462 -0.0093608377 0.1313160872 0.9912963532 155.6291038271 0.0000000000 0.0000000000 0.0000000000 1.0000000000
20230803 18 07 51.702 0.9999154590 0.0104306692 0.0077637653 43.3400264994 -0.0092440665 0.9901499345 -0.1397055995 -29.2431390492 -0.0091445146 0.1396220199 0.9901626480 155.5818395818 0.0000000000 0.0000000000 0.0000000000 1.0000000000
20230803 18 07 51.764 0.9999354706 0.0109772443 0.0029248378 43.2884836736 -0.0104584811 0.9900569165 -0.1402780175 -29.2599265985 -0.0044356219 0.1402383761 0.9901078341 155.5011323839 0.0000000000 0.0000000000 0.0000000000 1.0000000000
20230803 18 07 51.827 0.9999183939 0.0105133397 0.0072577680 43.3414229494 -0.0094001395 0.9902057940 -0.1392986822 -29.2786843492 -0.0086511783 0.1392190905 0.9902238141 155.6542119506 0.0000000000 0.0000000000 0.0000000000 1.0000000000
20230803 18 07 51.890 0.9999038006 0.0104993444 0.0090638438 43.3373213631 -0.0091077720 0.9898444367 -0.1418627490 -29.2506561043 -0.0104612612 0.1417665505 0.9898448400 155.6461315124 0.0000000000 0.0000000000 0.0000000000 1.0000000000
20230803 18 07 51.952 0.9999122586 0.0112384321 0.0070123321 43.3380328195 -0.0101205089 0.9896715243 -0.1429959765 -29.1838089303 -0.0085469560 0.1429124614 0.9896984278 155.6177487222 0.0000000000 0.0000000000 0.0000000000 1.0000000000
20230803 18 07 52.015 0.9998864762 0.0114508512 0.0097934992 43.3368592545 -0.0098776506 0.9889612352 -0.1478448757 -29.1594828948 -0.0113783408 0.1477313550 0.9889620721 155.6841953269 0.0000000000 0.0000000000 0.0000000000 1.0000000000
20230803 18 07 52.078 0.9998968349 0.0113228169 0.0088381797 43.3470597058 -0.0099196812 0.9893484466 -0.1452282725 -29.1499099551 -0.0103884325 0.1451256181 0.9893586991 155.6568518155 0.0000000000 0.0000000000 0.0000000000 1.0000000000
20230803 18 07 52.140 0.9998971373 0.0102569207 0.0100254918 43.3522234728 -0.0087395224 0.9899482359 -0.1411598774 -29.1630830567 -0.0113725836 0.1410577393 0.9899360477 155.6885454201 0.0000000000 0.0000000000 0.0000000000 1.0000000000
20230803 18 07 52.203 0.9999364011 0.0104983173 0.0041205807 43.3352841245 -0.0098114080 0.9899320842 -0.1412027088 -29.1295173910 -0.0055614859 0.1411532998 0.9899721288 155.6258335229 0.0000000000 0.0000000000 0.0000000000 1.0000000000
20230803 18 07 52.270 0.9999117570 0.0098369968 0.0089281444 43.3577216728 -0.0085048942 0.9903104197 -0.1386107476 -29.1296885452 -0.0102051479 0.1385225833 0.9903066944 155.6999397396 0.0000000000 0.0000000000 0.0000000000 1.0000000000
20230803 18 07 52.334 0.9999090771 0.0103629096 0.0086283027 43.3614225089 -0.0090481088 0.9900375693 -0.1405124306 -29.1367906685 -0.0099984614 0.1404215850 0.9900413169 155.7111716477 0.0000000000 0.0000000000 0.0000000000 1.0000000000
20230803 18 07 52.396 0.9998948796 0.0113107196 0.0090717866 43.3792391415 -0.0098933655 0.9896147898 -0.1434039371 -29.1180614063 -0.0105995759 0.1432991119 0.9896226622 155.7182659163 0.0000000000 0.0000000000 0.0000000000 1.0000000000
20230803 18 07 52.459 0.9999324026 0.0098149171 0.0062335887 43.3377567811 -0.0088479641 0.9901527798 -0.1397110813 -29.1171447333 -0.0075434578 0.1396464826 0.9901726901 155.6529624333 0.0000000000 0.0000000000 0.0000000000 1.0000000000
20230803 18 07 52.521 0.9999220073 0.0106535921 0.0065176901 43.3565984284 -0.0095993227 0.9894418764 -0.1446119854 -29.1093049197 -0.0079895126 0.1445381413 0.9894669744 155.6554067153 0.0000000000 0.0000000000 0.0000000000 1.0000000000
20230803 18 07 52.578 0.9999230818 0.0108208931 0.0060612455 43.3659290980 -0.0098444294 0.9896979111 -0.1428325313 -29.0900574281 -0.0075443776 0.1427618754 0.9897283108 155.6938463688 0.0000000000 0.0000000000 0.0000000000 1.0000000000
20230803 18 07 52.641 0.9998936928 0.0100815242 0.0105340391 43.3744725783 -0.0085453574 0.9905517806 -0.1368727397 -29.0638154670 -0.0118143970 0.1367681720 0.9905326280 155.7412240575 0.0000000000 0.0000000000 0.0000000000 1.0000000000
20230803 18 07 52.703 0.9999236277 0.0106247778 0.0063129110 43.3282136493 -0.0096138264 0.9896898148 -0.1429043202 -29.0344402287 -0.0077661504 0.1428327150 0.9897163747 155.6535079099 0.0000000000 0.0000000000 0.0000000000 1.0000000000
20230803 18 07 52.767 0.9998875857 0.0115223396 0.0095943601 43.3553409812 -0.0100254155 0.9895812152 -0.1436262844 -29.0808798395 -0.0111493094 0.1435139513 0.9895854883 155.7315793299 0.0000000000 0.0000000000 0.0000000000 1.0000000000
20230803 18 07 52.828 0.9999259536 0.0100669301 0.0068369777 43.3579913299 -0.0090130946 0.9901486410 -0.1397298569 -29.1353489777 -0.0081762749 0.1396578881 0.9901660582 155.7002943530 0.0000000000 0.0000000000 0.0000000000 1.0000000000
20230803 18 07 52.893 0.9999293178 0.0099876055 0.0064503641 43.3563066948 -0.0089923173 0.9902164972 -0.1392495129 -29.1739444231 -0.0077780261 0.1391816667 0.9902363182 155.7659269073 0.0000000000 0.0000000000 0.0000000000 1.0000000000
20230803 18 07 52.955 0.9999118209 0.0096123740 0.0091625706 43.3564983960 -0.0082383868 0.9901580875 -0.1397107393 -29.1577834488 -0.0104153453 0.1396229349 0.9901499667 155.7189308509 0.0000000000 0.0000000000 0.0000000000 1.0000000000
20230803 18 07 53.018 0.9999233544 0.0096266218 0.0077854630 43.3528562046 -0.0084647243 0.9904616243 -0.1375286127 -29.1596184123 -0.0090351383 0.1374521700 0.9904671964 155.7272396691 0.0000000000 0.0000000000 0.0000000000 1.0000000000
20230803 18 07 53.081 0.9999055546 0.0112324826 0.0079191614 43.3740573140 -0.0099518552 0.9891659118 -0.1464641919 -29.1982542258 -0.0094785210 0.1463715487 0.9891842737 155.7630171780 0.0000000000 0.0000000000 0.0000000000 1.0000000000
20230803 18 07 53.144 0.9999103892 0.0106319644 0.0081347953 43.3850285966 -0.0093861089 0.9900682019 -0.1402742192 -29.2394806031 -0.0095453927 0.1401852951 0.9900792739 155.7897654702 0.0000000000 0.0000000000 0.0000000000 1.0000000000
20230803 18 07 53.201 0.9999329460 0.0089595291 0.0073369152 43.3631481528 -0.0079050307 0.9910948795 -0.1329227232 -29.2763214735 -0.0084625041 0.1328558116 0.9910992480 155.7690585393 0.0000000000 0.0000000000 0.0000000000 1.0000000000
20230803 18 07 53.263 0.9999441026 0.0093311428 0.0049720674 43.3555618114 -0.0085979203 0.9913109387 -0.1312581375 -29.2716464992 -0.0061536533 0.1312080510 0.9913357554 155.6785001571 0.0000000000 0.0000000000 0.0000000000 1.0000000000
20230803 18 07 53.389 0.9999412244 0.0089056597 0.0061835980 43.3633540882 -0.0080272056 0.9914958484 -0.1298905180 -29.2579933990 -0.0072877725 0.1298332466 0.9915090602 155.6627194523 0.0000000000 0.0000000000 0.0000000000 1.0000000000
20230803 18 07 53.453 0.9999182963 0.0095402799 0.0085078709 43.3781130961 -0.0082763744 0.9904134152 -0.1378867965 -29.3132020339 -0.0097417881 0.1378051163 0.9904114536 155.7547489829 0.0000000000 0.0000000000 0.0000000000 1.0000000000
20230803 18 07 53.516 0.9999348379 0.0089406193 0.0070982597 43.3792949891 -0.0078934716 0.9906947162 -0.1358737371 -29.3546088443 -0.0082470038 0.1358088534 0.9907007330 155.7062924218 0.0000000000 0.0000000000 0.0000000000 1.0000000000
20230803 18 07 53.579 0.9999587861 0.0081816166 0.0039353807 43.3589942123 -0.0075863848 0.9911078909 -0.1328442519 -29.3931449069 -0.0049872676 0.1328089216 0.9911291124 155.6295386713 0.0000000000 0.0000000000 0.0000000000 1.0000000000
20230803 18 07 53.642 0.9999662751 0.0067771240 0.0046388956 43.3543321036 -0.0061351800 0.9919300454 -0.1266378483 -29.3911292683 -0.0054597003 0.1266051170 0.9919381715 155.5995239927 0.0000000000 0.0000000000 0.0000000000 1.0000000000
20230803 18 07 53.699 0.9999567335 0.0070742976 0.0060403138 43.3754135384 -0.0062313321 0.9915353290 -0.1296875547 -29.4164429443 -0.0069066328 0.1296443044 0.9915365111 155.6699446754 0.0000000000 0.0000000000 0.0000000000 1.0000000000
20230803 18 07 53.762 0.9999427202 0.0097903399 0.0043249980 43.3706952813 -0.0091050882 0.9905163825 -0.1370926450 -29.4524924551 -0.0056261650 0.1370454128 0.9905487878 155.6467841585 0.0000000000 0.0000000000 0.0000000000 1.0000000000
20230803 18 07 53.825 0.9999034158 0.0085520110 0.0109554620 43.4372616968 -0.0070102665 0.9909894457 -0.1337564007 -29.5408980064 -0.0120006334 0.1336666812 0.9909536836 155.7882248101 0.0000000000 0.0000000000 0.0000000000 1.0000000000
20230803 18 07 53.887 0.9999102927 0.0095825492 0.0093584912 43.4278947477 -0.0082184295 0.9906394480 -0.1362568954 -29.5751082151 -0.0105765790 0.1361677601 0.9906293339 155.7858240887 0.0000000000 0.0000000000 0.0000000000 1.0000000000
20230803 18 07 53.949 0.9999417950 0.0089951584 0.0059576629 43.4159870284 -0.0081346406 0.9912986315 -0.1313805570 -29.5703387213 -0.0070876120 0.1313244465 0.9913141054 155.6590951832 0.0000000000 0.0000000000 0.0000000000 1.0000000000
20230803 18 07 54.011 0.9999550467 0.0087680681 0.0036090943 43.3985172422 -0.0082299835 0.9916290267 -0.1288570552 -29.4976119963 -0.0047087101 0.1288215599 0.9916566108 155.5972901277 0.0000000000 0.0000000000 0.0000000000 1.0000000000
20230803 18 07 54.074 0.9999212926 0.0099714309 0.0076144109 43.4184784792 -0.0088305535 0.9904703087 -0.1374430391 -29.4345213665 -0.0089123516 0.1373649818 0.9904804045 155.6623892626 0.0000000000 0.0000000000 0.0000000000 1.0000000000
20230803 18 07 54.139 0.9999444445 0.0094238980 0.0047220780 43.3766016094 -0.0086798135 0.9903388160 -0.1383968584 -29.3613711484 -0.0059806951 0.1383481830 0.9903655949 155.6029413674 0.0000000000 0.0000000000 0.0000000000 1.0000000000
20230803 18 07 54.202 0.9999415415 0.0090444476 0.0059254965 43.3914897545 -0.0081358222 0.9903105111 -0.1386322476 -29.3607884780 -0.0071219336 0.1385759346 0.9903262030 155.6803576676 0.0000000000 0.0000000000 0.0000000000 1.0000000000
20230803 18 07 54.265 0.9999375223 0.0098663194 0.0052542504 43.4094148094 -0.0090367760 0.9901752988 -0.1395392929 -29.3716048438 -0.0065793682 0.1394830933 0.9902025947 155.7006572527 0.0000000000 0.0000000000 0.0000000000 1.0000000000
20230803 18 07 54.327 0.9999406052 0.0092387056 0.0057820744 43.3653562910 -0.0083613202 0.9905690293 -0.1367592284 -29.3338872255 -0.0069910221 0.1367027598 0.9905874424 155.6333943027 0.0000000000 0.0000000000 0.0000000000 1.0000000000
20230803 18 07 54.390 0.9999225438 0.0100010747 0.0074084314 43.4078607333 -0.0088670262 0.9901332292 -0.1398483618 -29.2893660750 -0.0087339680 0.1397718389 0.9901452171 155.7479787264 0.0000000000 0.0000000000 0.0000000000 1.0000000000
20230803 18 07 54.452 0.9999423020 0.0088555438 0.0060804647 43.3830854651 -0.0079453469 0.9906552958 -0.1361578365 -29.2449801154 -0.0072293962 0.1361016691 0.9906684973 155.6812818572 0.0000000000 0.0000000000 0.0000000000 1.0000000000
20230803 18 07 54.515 0.9999419410 0.0092068047 0.0055990518 43.3982667204 -0.0083550588 0.9905755048 -0.1367126998 -29.2196610028 -0.0068049707 0.1366579819 0.9905949164 155.6738594615 0.0000000000 0.0000000000 0.0000000000 1.0000000000
20230803 18 07 54.577 0.9999225449 0.0104941150 0.0066916149 43.4157109120 -0.0094574367 0.9901623161 -0.1396035266 -29.2202648930 -0.0080908004 0.1395294281 0.9901848704 155.7722484874 0.0000000000 0.0000000000 0.0000000000 1.0000000000
20230803 18 07 54.640 0.9999268165 0.0100248662 0.0067722806 43.4047844651 -0.0089872163 0.9902647368 -0.1389063752 -29.2308951086 -0.0080988685 0.1388353456 0.9902823613 155.7590268525 0.0000000000 0.0000000000 0.0000000000 1.0000000000
20230803 18 07 54.697 0.9999434077 0.0095498514 0.0046884669 43.3901350260 -0.0088092698 0.9903391284 -0.1383864425 -29.1747333272 -0.0059647422 0.1383373089 0.9903672101 155.7061047418 0.0000000000 0.0000000000 0.0000000000 1.0000000000
20230803 18 07 54.759 0.9999370670 0.0102033369 0.0046641062 43.3745296126 -0.0094522978 0.9901593247 -0.1396250898 -29.1337526025 -0.0060428501 0.1395722163 0.9901934561 155.6944247183 0.0000000000 0.0000000000 0.0000000000 1.0000000000
20230803 18 07 54.822 0.9999303840 0.0103047184 0.0057480294 43.4017796661 -0.0093882501 0.9899009916 -0.1414492403 -29.1007479307 -0.0071475746 0.1413854293 0.9899288220 155.7469912987 0.0000000000 0.0000000000 0.0000000000 1.0000000000
20230803 18 07 54.885 0.9999280514 0.0097098356 0.0070435100 43.3507882449 -0.0086458803 0.9904060204 -0.1379172341 -29.0683595965 -0.0083150883 0.1378464138 0.9904187122 155.6589626410 0.0000000000 0.0000000000 0.0000000000 1.0000000000
20230803 18 07 54.941 0.9998984312 0.0108204632 0.0092760337 43.3940321394 -0.0093887652 0.9897514689 -0.1424916868 -29.0972716440 -0.0107227940 0.1423901236 0.9897525319 155.7718263409 0.0000000000 0.0000000000 0.0000000000 1.0000000000
20230803 18 07 55.004 0.9999140286 0.0107543076 0.0075020161 43.3877926400 -0.0095746610 0.9897296393 -0.1426308763 -29.1111872165 -0.0089588640 0.1425467848 0.9897475198 155.7445816422 0.0000000000 0.0000000000 0.0000000000 1.0000000000
20230803 18 07 55.067 0.9999154796 0.0109726230 0.0069738903 43.3957200017 -0.0098696620 0.9897876695 -0.1422074510 -29.1202622749 -0.0084630593 0.1421266016 0.9898123083 155.7905769295 0.0000000000 0.0000000000 0.0000000000 1.0000000000
20230803 18 07 55.129 0.9999050357 0.0111868245 0.0080482682 43.3942542307 -0.0099198066 0.9896500761 -0.1431583886 -29.0973218908 -0.0095664570 0.1430649564 0.9896670658 155.7602684350 0.0000000000 0.0000000000 0.0000000000 1.0000000000
20230803 18 07 55.191 0.9999130021 0.0108207352 0.0075431980 43.4068575584 -0.0096537101 0.9900304560 -0.1405222476 -29.1192995990 -0.0089885498 0.1404372026 0.9900487857 155.8153179904 0.0000000000 0.0000000000 0.0000000000 1.0000000000
20230803 18 07 55.255 0.9999071352 0.0112899448 0.0076326971 43.3928524292 -0.0100872126 0.9897400848 -0.1425230254 -29.0974671041 -0.0091634634 0.1424327974 0.9897620568 155.7172194322 0.0000000000 0.0000000000 0.0000000000 1.0000000000
20230803 18 07 55.317 0.9999085354 0.0103383874 0.0087200107 43.3938981815 -0.0089963232 0.9898333603 -0.1419471208 -29.1233538703 -0.0100988618 0.1418556896 0.9898358330 155.7712632079 0.0000000000 0.0000000000 0.0000000000 1.0000000000
20230803 18 07 55.461 0.9999149669 0.0094522242 0.0089841209 43.3838039020 -0.0081270897 0.9904628382 -0.1375402360 -29.0769177765 -0.0101984990 0.1374555257 0.9904554352 155.7315575668 0.0000000000 0.0000000000 0.0000000000 1.0000000000
20230803 18 07 55.527 0.9999290905 0.0094758141 0.0072126931 43.3922230105 -0.0083725007 0.9901082967 -0.1400552104 -29.0499797602 -0.0084684844 0.1399848908 0.9901174249 155.7586196265 0.0000000000 0.0000000000 0.0000000000 1.0000000000
20230803 18 07 55.586 0.9999204166 0.0102310281 0.0073814980 43.3632604171 -0.0090729178 0.9897184985 -0.1427409397 -29.0354374643 -0.0087659917 0.1426626081 0.9897325586 155.7377590565 0.0000000000 0.0000000000 0.0000000000 1.0000000000
20230803 18 07 55.649 0.9999279314 0.0105943017 0.0056473622 43.3445604670 -0.0097096260 0.9903028999 -0.1385853152 -29.0380778185 -0.0070608138 0.1385204937 0.9903343969 155.6040094052 0.0000000000 0.0000000000 0.0000000000 1.0000000000
20230803 18 07 55.712 0.9999020727 0.0107615747 0.0089461491 43.3763116438 -0.0093605640 0.9895189449 -0.1440994016 -29.1005774102 -0.0104031205 0.1440015493 0.9895227784 155.7329262995 0.0000000000 0.0000000000 0.0000000000 1.0000000000
20230803 18 07 55.769 0.9999355556 0.0103432582 0.0046799304 43.3900810790 -0.0095749011 0.9898405130 -0.1418593673 -29.1358019659 -0.0060996728 0.1418054153 0.9898757590 155.7993311403 0.0000000000 0.0000000000 0.0000000000 1.0000000000
20230803 18 07 55.831 0.9999265654 0.0098369135 0.0070780604 43.3940028735 -0.0087494148 0.9901136206 -0.1399945212 -29.1558373239 -0.0083851980 0.1399223119 0.9901269793 155.7934604814 0.0000000000 0.0000000000 0.0000000000 1.0000000000
20230803 18 07 55.894 0.9999422696 0.0087173463 0.0062821398 43.3772365306 -0.0077985243 0.9909763832 -0.1338095322 -29.1554590586 -0.0073919162 0.1337528159 0.9909871562 155.7219811461 0.0000000000 0.0000000000 0.0000000000 1.0000000000
20230803 18 07 55.957 0.9999364579 0.0101428090 0.0049197185 43.4230600779 -0.0093524339 0.9900656990 -0.1402941325 -29.2378433764 -0.0062938211 0.1402392065 0.9900976481 155.7882830746 0.0000000000 0.0000000000 0.0000000000 1.0000000000
20230803 18 07 56.020 0.9999289322 0.0096431597 0.0070099878 43.3992751645 -0.0085722364 0.9902019425 -0.1393794453 -29.2839108198 -0.0082853618 0.1393094487 0.9902142345 155.7556490135 0.0000000000 0.0000000000 0.0000000000 1.0000000000
20230803 18 07 56.083 0.9999329819 0.0096088974 0.0064576231 43.4158078023 -0.0086197858 0.9902829059 -0.1388000920 -29.3201033701 -0.0077285896 0.1387351265 0.9902993656 155.8032967526 0.0000000000 0.0000000000 0.0000000000 1.0000000000
20230803 18 07 56.145 0.9999295771 0.0104928206 0.0055445084 43.4186534016 -0.0096035105 0.9899043796 -0.1414110737 -29.3071661969 -0.0069723342 0.1413478684 0.9899354356 155.7688782582 0.0000000000 0.0000000000 0.0000000000 1.0000000000
20230803 18 07 56.207 0.9999238909 0.0103870207 0.0066574887 43.4247653391 -0.0093311951 0.9897263426 -0.1426698831 -29.3034463025 -0.0080710069 0.1425969023 0.9897479388 155.7833993349 0.0000000000 0.0000000000 0.0000000000 1.0000000000
20230803 18 07 56.270 0.9999245964 0.0104590780 0.0064349982 43.4132841589 -0.0094510298 0.9900279547 -0.1405536442 -29.3033988377 -0.0078408896 0.1404822285 0.9900521521 155.7762294654 0.0000000000 0.0000000000 0.0000000000 1.0000000000
20230803 18 07 56.327 0.9999602652 0.0078466455 0.0042306210 43.3797480969 -0.0072384417 0.9916930462 -0.1284231560 -29.3245815026 -0.0052031684 0.1283874301 0.9917104390 155.6742445839 0.0000000000 0.0000000000 0.0000000000 1.0000000000
20230803 18 07 56.390 0.9999250889 0.0088865960 0.0084169480 43.4226851220 -0.0076739191 0.9908816081 -0.1345167262 -29.4104838431 -0.0095355948 0.1344420585 0.9908755751 155.7710361437 0.0000000000 0.0000000000 0.0000000000 1.0000000000
20230803 18 07 56.453 0.9999473428 0.0084483147 0.0058255991 43.3994825450 -0.0075905511 0.9909310027 -0.1341571149 -29.4414036613 -0.0069061683 0.1341058311 0.9909429504 155.7124960921 0.0000000000 0.0000000000 0.0000000000 1.0000000000
20230803 18 07 56.516 0.9999474301 0.0088604693 0.0051603379 43.4022048766 -0.0080783119 0.9907154718 -0.1357114395 -29.4475319494 -0.0063148936 0.1356626183 0.9907349676 155.6914834246 0.0000000000 0.0000000000 0.0000000000 1.0000000000
20230803 18 07 56.573 0.9999251898 0.0090158147 0.0082661896 43.4187988127 -0.0077965669 0.9905101493 -0.1372182845 -29.4678687472 -0.0094248793 0.1371435713 0.9905063415 155.7469968071 0.0000000000 0.0000000000 0.0000000000 1.0000000000
20230803 18 07 56.635 0.9999473356 0.0096171323 0.0035828364 43.3947528033 -0.0090565005 0.9911089091 -0.1327445293 -29.4760517461 -0.0048276027 0.1327050905 0.9911438106 155.6093351741 0.0000000000 0.0000000000 0.0000000000 1.0000000000
20230803 18 07 56.698 0.9999324082 0.0090259214 0.0073288381 43.4094015433 -0.0079725295 0.9911040760 -0.1328501009 -29.5195603648 -0.0084627359 0.1327826919 0.9911090449 155.6636837650 0.0000000000 0.0000000000 0.0000000000 1.0000000000
20230803 18 07 56.761 0.9999364876 0.0084898876 0.0074123321 43.4070243424 -0.0074473147 0.9913755938 -0.1308394803 -29.5325709872 -0.0084592177 0.1307759684 0.9913758559 155.6561533453 0.0000000000 0.0000000000 0.0000000000 1.0000000000
20230803 18 07 56.818 0.9998760838 0.0090315779 0.0128937035 43.4896763471 -0.0072286100 0.9910083851 -0.1336043704 -29.5691729590 -0.0139844266 0.1334946111 0.9909508689 155.8712649465 0.0000000000 0.0000000000 0.0000000000 1.0000000000
20230803 18 07 56.881 0.9999373182 0.0094651260 0.0059808843 43.4254825271 -0.0085401951 0.9902192143 -0.1392586541 -29.4728924309 -0.0072404873 0.1391988472 0.9902379796 155.6644680970 0.0000000000 0.0000000000 0.0000000000 1.0000000000
20230803 18 07 56.944 0.9999321013 0.0094445625 0.0068259106 43.4327122639 -0.0084160966 0.9904586700 -0.1375528712 -29.3878760538 -0.0080599090 0.1374860840 0.9904709055 155.6801606839 0.0000000000 0.0000000000 0.0000000000 1.0000000000
20230803 18 07 57.003 0.9998878489 0.0092141720 0.0118062994 43.4473428602 -0.0075205250 0.9906491782 -0.1362264565 -29.3698353062 -0.0129511148 0.1361223890 0.9906073712 155.8204059905 0.0000000000 0.0000000000 0.0000000000 1.0000000000
20230803 18 07 57.068 0.9999033670 0.0090759121 0.0105301654 43.4448708546 -0.0075457026 0.9905133142 -0.1372094629 -29.3641372735 -0.0116755701 0.1371167465 0.9904860821 155.8217144159 0.0000000000 0.0000000000 0.0000000000 1.0000000000
20230803 18 07 57.127 0.9999011377 0.0091897426 0.0106425263 43.4506532330 -0.0076623519 0.9907355316 -0.1355890656 -29.3637038246 -0.0117899576 0.1354941141 0.9907080003 155.8166871629 0.0000000000 0.0000000000 0.0000000000 1.0000000000
20230803 18 07 57.187 0.9999320359 0.0095473391 0.0066911831 43.4212876990 -0.0084851477 0.9895523811 -0.1439238944 -29.3043050489 -0.0079953664 0.1438573371 0.9895661376 155.6990761432 0.0000000000 0.0000000000 0.0000000000 1.0000000000
20230803 18 07 57.255 0.9999200624 0.0109280684 0.0063597266 43.4211023922 -0.0099067759 0.9896769175 -0.1429736157 -29.2517182255 -0.0078565001 0.1428991824 0.9897060670 155.7107114297 0.0000000000 0.0000000000 0.0000000000 1.0000000000
20230803 18 07 57.313 0.9999035109 0.0112273050 0.0081802543 43.4346299528 -0.0099513229 0.9898017665 -0.1421036039 -29.2192865487 -0.0096922707 0.1420084881 0.9898179879 155.7514170001 0.0000000000 0.0000000000 0.0000000000 1.0000000000
20230803 18 07 57.457 0.9999097485 0.0108334251 0.0079455485 43.4325536078 -0.0096003512 0.9898896279 -0.1415145145 -29.2097946717 -0.0093983030 0.1414254626 0.9899042936 155.7579729948 0.0000000000 0.0000000000 0.0000000000 1.0000000000
20230803 18 07 57.525 0.9999201976 0.0105982777 0.0068756738 43.4294395510 -0.0094958370 0.9894947586 -0.1442565484 -29.1830306952 -0.0083323141 0.1441797461 0.9895164341 155.7103498683 0.0000000000 0.0000000000 0.0000000000 1.0000000000
20230803 18 07 57.583 0.9999411106 0.0085197011 0.0067223601 43.4276015020 -0.0075352668 0.9908321053 -0.1348886906 -29.1358872275 -0.0078099415 0.1348300923 0.9908379540 155.6792375167 0.0000000000 0.0000000000 0.0000000000 1.0000000000
20230803 18 07 57.640 0.9999100511 0.0109105316 0.0078006438 43.4333918439 -0.0096645684 0.9893857326 -0.1449912695 -29.1117657515 -0.0092997775 0.1449028378 0.9894021840 155.7281900795 0.0000000000 0.0000000000 0.0000000000 1.0000000000
20230803 18 07 57.700 0.9999217870 0.0092525907 0.0084148378 43.4119068352 -0.0079514147 0.9896449371 -0.1433166892 -29.0718248430 -0.0096537523 0.1432385701 0.9896411052 155.7185287816 0.0000000000 0.0000000000 0.0000000000 1.0000000000
20230803 18 07 57.757 0.9999416131 0.0086587907 0.0064649589 43.3937965018 -0.0076773203 0.9902813374 -0.1388665964 -29.0508393592 -0.0076045450 0.1388088548 0.9902899943 155.6628006898 0.0000000000 0.0000000000 0.0000000000 1.0000000000
20230803 18 07 57.814 0.9999244544 0.0095726480 0.0077103701 43.4185453226 -0.0084090162 0.9902682061 -0.1389178480 -29.0801674953 -0.0089651460 0.1388425167 0.9902738923 155.7283485445 0.0000000000 0.0000000000 0.0000000000 1.0000000000
20230803 18 07 57.872 0.9999221005 0.0103110959 0.0070337896 43.4068888614 -0.0092131755 0.9899093698 -0.1414021110 -29.0899352308 -0.0084208250 0.1413262923 0.9899272543 155.7205173036 0.0000000000 0.0000000000 0.0000000000 1.0000000000
20230803 18 07 57.929 0.9999367142 0.0086042132 0.0072481097 43.3933748301 -0.0075341437 0.9906049184 -0.1365471802 -29.0579238356 -0.0083548942 0.1364839304 0.9906070525 155.6698284397 0.0000000000 0.0000000000 0.0000000000 1.0000000000
20230803 18 07 57.987 0.9999127498 0.0103425393 0.0082173366 43.4116774708 -0.0090616875 0.9896835729 -0.1429836054 -29.0478382384 -0.0096113766 0.1428966671 0.9896909437 155.7766135291 0.0000000000 0.0000000000 0.0000000000 1.0000000000
20230803 18 07 58.044 0.9999111801 0.0113255011 0.0070260178 43.4034375385 -0.0101897640 0.9894199250 -0.1447217353 -29.0228478482 -0.0085907282 0.1446372876 0.9894474490 155.7183867188 0.0000000000 0.0000000000 0.0000000000 1.0000000000
20230803 18 07 58.101 0.9999088194 0.0105894533 0.0083795266 43.4139040692 -0.0092866039 0.9897354622 -0.1426095155 -29.0040067565 -0.0098036714 0.1425186949 0.9897435575 155.7053890775 0.0000000000 0.0000000000 0.0000000000 1.0000000000
20230803 18 07 58.158 0.9999228453 0.0106842655 0.0063364008 43.3900303769 -0.0096631401 0.9895752730 -0.1436920417 -29.0099388197 -0.0078055894 0.1436197257 0.9896021661 155.6899526760 0.0000000000 0.0000000000 0.0000000000 1.0000000000
20230803 18 07 58.216 0.9998939781 0.0110843220 0.0094430083 43.4064376571 -0.0095613252 0.9888889823 -0.1483481097 -29.0275097062 -0.0109824251 0.1482420939 0.9888901192 155.7317919197 0.0000000000 0.0000000000 0.0000000000 1.0000000000
20230803 18 07 58.274 0.9999310414 0.0103883229 0.0054767880 43.3934683156 -0.0095200977 0.9901190346 -0.1399059151 -28.9987155334 -0.0068760599 0.1398441278 0.9901496552 155.6194882341 0.0000000000 0.0000000000 0.0000000000 1.0000000000
20230803 18 07 58.331 0.9999104567 0.0100666232 0.0088171203 43.4077411581 -0.0087441386 0.9902595881 -0.1389585844 -28.9906398851 -0.0101300817 0.1388690435 0.9902589410 155.6970061021 0.0000000000 0.0000000000 0.0000000000 1.0000000000
20230803 18 07 58.388 0.9999285832 0.0110465543 0.0045609360 43.3757355480 -0.0102636293 0.9892598246 -0.1458069177 -28.9442059760 -0.0061226148 0.1457496929 0.9893025526 155.5714809389 0.0000000000 0.0000000000 0.0000000000 1.0000000000
20230803 18 07 58.445 0.9999169615 0.0093582248 0.0088596634 43.3891762295 -0.0080061877 0.9898413563 -0.1419506614 -28.9539163782 -0.0100980675 0.1418679419 0.9898340851 155.6905281306 0.0000000000 0.0000000000 0.0000000000 1.0000000000
20230803 18 07 58.502 0.9999333317 0.0094452487 0.0066422414 43.3880939151 -0.0084039168 0.9897834896 -0.1423306643 -28.9541830854 -0.0079187294 0.1422653545 0.9897968795 155.6202951294 0.0000000000 0.0000000000 0.0000000000 1.0000000000
20230803 18 07 58.560 0.9998956968 0.0109512858 0.0094162058 43.4218831331 -0.0094555810 0.9891847248 -0.1463699842 -29.0065040027 -0.0109173065 0.1462656817 0.9891851004 155.7351075614 0.0000000000 0.0000000000 0.0000000000 1.0000000000
20230803 18 07 58.617 0.9999171036 0.0098727954 0.0082652160 43.4104487485 -0.0085943743 0.9897542487 -0.1425225032 -29.0375381346 -0.0095876282 0.1424396542 0.9897570522 155.7136881797 0.0000000000 0.0000000000 0.0000000000 1.0000000000
20230803 18 07 58.675 0.9999151615 0.0105980014 0.0075731216 43.4100049960 -0.0093574292 0.9888880858 -0.1483670862 -29.0427333370 -0.0090613643 0.1482836341 0.9889033601 155.6483903751 0.0000000000 0.0000000000 0.0000000000 1.0000000000
20230803 18 07 58.734 0.9999228402 0.0097382932 0.0077122755 43.4249131860 -0.0085519697 0.9899428472 -0.1412091466 -29.0641467648 -0.0090098481 0.1411322957 0.9899497451 155.7402637707 0.0000000000 0.0000000000 0.0000000000 1.0000000000
20230803 18 07 58.792 0.9999178533 0.0106977624 0.0070600635 43.4286273392 -0.0095746702 0.9896116484 -0.1434472414 -29.0524769212 -0.0085212856 0.1433678599 0.9896327826 155.6673372231 0.0000000000 0.0000000000 0.0000000000 1.0000000000
20230803 18 07 58.849 0.9999192805 0.0104429780 0.0072371712 43.4296281868 -0.0092908286 0.9895099433 -0.1441657122 -29.0532130083 -0.0086667723 0.1440868359 0.9895270945 155.6758688500 0.0000000000 0.0000000000 0.0000000000 1.0000000000
20230803 18 07 58.906 0.9999025937 0.0098723378 0.0098661082 43.4166565549 -0.0083896511 0.9900572470 -0.1404146053 -29.1034451152 -0.0111542323 0.1403181548 0.9900436347 155.6996901759 0.0000000000 0.0000000000 0.0000000000 1.0000000000
20230803 18 07 58.964 0.9999284880 0.0097581563 0.0069135533 43.4190787024 -0.0086912261 0.9900590971 -0.1403832141 -29.1225551636 -0.0082147077 0.1403130878 0.9900731064 155.6377255033 0.0000000000 0.0000000000 0.0000000000 1.0000000000
20230803 18 07 59.022 0.9999468710 0.0090318717 0.0049679378 43.4095654701 -0.0082928794 0.9911215858 -0.1326997748 -29.1031076811 -0.0061223577 0.1326515261 0.9911438288 155.5440309058 0.0000000000 0.0000000000 0.0000000000 1.0000000000
20230803 18 07 59.079 0.9999344900 0.0095015363 0.0063825155 43.4561855031 -0.0085272340 0.9903445395 -0.1383653839 -29.1318384471 -0.0076355731 0.1383018944 0.9903606838 155.7034952341 0.0000000000 0.0000000000 0.0000000000 1.0000000000
20230803 18 07 59.136 0.9999302207 0.0097974626 0.0066002651 43.4363961308 -0.0087944907 0.9904171972 -0.1378275460 -29.1058652868 -0.0078873763 0.1377598825 0.9904342502 155.6464624479 0.0000000000 0.0000000000 0.0000000000 1.0000000000
20230803 18 07 59.193 0.9999189962 0.0094893906 0.0084824831 43.4402292214 -0.0082243143 0.9903405431 -0.1384123164 -29.1584384240 -0.0097139954 0.1383313419 0.9903383655 155.6915153833 0.0000000000 0.0000000000 0.0000000000 1.0000000000
20230803 18 07 59.251 0.9999108907 0.0114375501 0.0068842689 43.4677704068 -0.0102920958 0.9889176185 -0.1481081247 -29.2163073571 -0.0085019689 0.1480240734 0.9889472131 155.7451632958 0.0000000000 0.0000000000 0.0000000000 1.0000000000
20230803 18 07 59.311 0.9998787136 0.0098403714 0.0120716710 43.4727469937 -0.0080739606 0.9903263749 -0.1385224976 -29.2829804700 -0.0133180070 0.1384082305 0.9902857125 155.7603873043 0.0000000000 0.0000000000 0.0000000000 1.0000000000
20230803 18 07 59.450 0.9999427935 0.0091183370 0.0055915704 43.4741595417 -0.0082671975 0.9905511487 -0.1368943947 -29.3066793817 -0.0067869857 0.1368403368 0.9905698658 155.7769450276 0.0000000000 0.0000000000 0.0000000000 1.0000000000
20230803 18 07 59.508 0.9999425751 0.0084569037 0.0065823534 43.4504136989 -0.0074981920 0.9909425121 -0.1340772718 -29.3133635918 -0.0076566124 0.1340202166 0.9909490188 155.6688857777 0.0000000000 0.0000000000 0.0000000000 1.0000000000
20230803 18 07 59.566 0.9999446363 0.0092288651 0.0050549299 43.4508733168 -0.0084587110 0.9907362257 -0.1355366416 -29.3497529607 -0.0062589515 0.1354863796 0.9907594392 155.6426627897 0.0000000000 0.0000000000 0.0000000000 1.0000000000
20230803 18 07 59.623 0.9999254623 0.0094355080 0.0077486184 43.4355591539 -0.0082545836 0.9900628092 -0.1403833884 -29.4046469027 -0.0089962075 0.1403089629 0.9900668983 155.6852456221 0.0000000000 0.0000000000 0.0000000000 1.0000000000
20230803 18 07 59.681 0.9999253125 0.0080528137 0.0091935646 43.4652193308 -0.0068049456 0.9916854835 -0.1285052315 -29.4621044348 -0.0101519533 0.1284330721 0.9916662159 155.7790897310 0.0000000000 0.0000000000 0.0000000000 1.0000000000
20230803 18 07 59.738 0.9999421187 0.0084122857 0.0067076590 43.4583608644 -0.0074084596 0.9904420116 -0.1377306658 -29.4616452398 -0.0078021770 0.1376730003 0.9904470057 155.7032824645 0.0000000000 0.0000000000 0.0000000000 1.0000000000
20230803 18 07 59.796 0.9999155400 0.0093260937 0.0090518984 43.4680429843 -0.0080004413 0.9905657175 -0.1368047958 -29.4515436702 -0.0102423546 0.1367208221 0.9905566672 155.6970993829 0.0000000000 0.0000000000 0.0000000000 1.0000000000
20230803 18 07 59.856 0.9999288515 0.0086056689 0.0082604093 43.4599154434 -0.0074329065 0.9911171563 -0.1327837881 -29.4898114605 -0.0093297267 0.1327129419 0.9911106050 155.6753507468 0.0000000000 0.0000000000 0.0000000000 1.0000000000
20230803 18 07 59.913 0.9999385078 0.0085162631 0.0071030940 43.4559175118 -0.0075096567 0.9913068056 -0.1313560891 -29.5236224459 -0.0081600084 0.1312946699 0.9913098022 155.6239040231 0.0000000000 0.0000000000 0.0000000000 1.0000000000
20230803 18 07 59.970 0.9999454790 0.0085504033 0.0059941371 43.4857001168 -0.0076945211 0.9914056698 -0.1305970603 -29.5496474812 -0.0070592790 0.1305438180 0.9914174086 155.6555907951 0.0000000000 0.0000000000 0.0000000000 1.0000000000
20230803 18 08 00.028 0.9999344872 0.0081423540 0.0080450860 43.4833540440 -0.0070035021 0.9911385771 -0.1326471709 -29.5755981256 -0.0090538553 0.1325821371 0.9911306698 155.7034449463 0.0000000000 0.0000000000 0.0000000000 1.0000000000
20230803 18 08 00.085 0.9999458884 0.0081341356 0.0064850613 43.4796433506 -0.0072282416 0.9915917767 -0.1292033317 -29.5289645610 -0.0074814909 0.1291494647 0.9915969156 155.5991917753 0.0000000000 0.0000000000 0.0000000000 1.0000000000
20230803 18 08 00.143 0.9999408677 0.0091335790 0.0059024428 43.4908365179 -0.0082604782 0.9909473813 -0.1339964626 -29.5330358386 -0.0070728775 0.1339397821 0.9909642320 155.5980068864 0.0000000000 0.0000000000 0.0000000000 1.0000000000
20230803 18 08 00.200 0.9999465428 0.0088122928 0.0054087916 43.4860516478 -0.0080092354 0.9909705263 -0.1338404575 -29.4953254388 -0.0065393944 0.1337899825 0.9909881316 155.5161119835 0.0000000000 0.0000000000 0.0000000000 1.0000000000
20230803 18 08 00.257 0.9999449120 0.0076385421 0.0071990016 43.5222530681 -0.0066442331 0.9915903797 -0.1292453986 -29.4938952875 -0.0081257071 0.1291904469 0.9915865072 155.5403896152 0.0000000000 0.0000000000 0.0000000000 1.0000000000
20230803 18 08 00.315 0.9999516154 0.0067459976 0.0071594975 43.5183928996 -0.0057685551 0.9916655280 -0.1287097680 -29.4883489392 -0.0079681026 0.1286622405 0.9916564613 155.5007051683 0.0000000000 0.0000000000 0.0000000000 1.0000000000
20230803 18 08 00.372 0.9999498515 0.0083721974 0.0054955178 43.5145446066 -0.0075627412 0.9909995861 -0.1336511325 -29.4570544305 -0.0065650095 0.1336028689 0.9910132058 155.5211261633 0.0000000000 0.0000000000 0.0000000000 1.0000000000
20230803 18 08 00.429 0.9999198565 0.0083355452 0.0095288639 43.5305737488 -0.0069931144 0.9910737883 -0.1331309221 -29.4047649954 -0.0105535260 0.1330536160 0.9910526517 155.5968059268 0.0000000000 0.0000000000 0.0000000000 1.0000000000
