20230803 18 10 17.074 0.9988793581 0.0413581578 -0.0230115367 15.9550806626 -0.0471421448 0.9125746534 -0.4061836040 -26.2828790686 0.0042007395 0.4068132308 0.9135016962 150.8516221390 0.0000000000 0.0000000000 0.0000000000 1.0000000000
20230803 18 10 17.158 0.9989613365 0.0429206521 -0.0152992124 15.9809034295 -0.0454267612 0.9118804400 -0.4079343972 -26.3184662213 -0.0035577578 0.4082056843 0.9128830493 150.7591190600 0.0000000000 0.0000000000 0.0000000000 1.0000000000
20230803 18 10 17.215 0.9989468518 0.0435448655 -0.0144579379 15.9896052053 -0.0456513936 0.9117094101 -0.4082914422 -26.3347330493 -0.0045975579 0.4085214758 0.9127371288 150.8331037190 0.0000000000 0.0000000000 0.0000000000 1.0000000000
20230803 18 10 17.272 0.9989303331 0.0436014736 -0.0153980897 16.0151888271 -0.0461043441 0.9136021163 -0.4039870821 -26.3355223090 -0.0035467047 0.4042648693 0.9146350837 151.0202472455 0.0000000000 0.0000000000 0.0000000000 1.0000000000
20230803 18 10 17.392 0.9989075458 0.0435186111 -0.0170248489 16.0104144155 -0.0466885657 0.9140439215 -0.4029192069 -26.2993571851 -0.0019730246 0.4032739019 0.9150771919 150.9808868225 0.0000000000 0.0000000000 0.0000000000 1.0000000000
20230803 18 10 17.450 0.9989484427 0.0441004984 -0.0125361455 16.0286957204 -0.0454020459 0.9135105517 -0.4042735784 -26.2723449482 -0.0063767652 0.4044176282 0.9145521958 150.9235620153 0.0000000000 0.0000000000 0.0000000000 1.0000000000
20230803 18 10 17.508 0.9989582681 0.0433095442 -0.0143757459 15.9916861463 -0.0454129575 0.9126139688 -0.4062922682 -26.2698994912 -0.0044768264 0.4065218657 0.9136300842 150.8574815643 0.0000000000 0.0000000000 0.0000000000 1.0000000000
20230803 18 10 17.565 0.9989543983 0.0432565779 -0.0147979259 16.0259109505 -0.0455495528 0.9139632095 -0.4032325508 -26.2995058814 -0.0039177004 0.4034849690 0.9149778857 150.9660117129 0.0000000000 0.0000000000 0.0000000000 1.0000000000
20230803 18 10 17.623 0.9989092607 0.0437932423 -0.0162000266 16.0505479742 -0.0466031400 0.9134675084 -0.4042341629 -26.2988022391 -0.0029045267 0.4045482209 0.9145120561 150.9793407882 0.0000000000 0.0000000000 0.0000000000 1.0000000000
20230803 18 10 17.681 0.9989481416 0.0439461706 -0.0130898653 16.0500917188 -0.0455060839 0.9150011391 -0.4008766790 -26.2901816953 -0.0056397533 0.4010506820 0.9160385055 151.1034193537 0.0000000000 0.0000000000 0.0000000000 1.0000000000
20230803 18 10 17.739 0.9989664276 0.0438742000 -0.0118798627 16.0449254118 -0.0449350615 0.9138480648 -0.4035623307 -26.2612292509 -0.0068495848 0.4036790421 0.9148750265 151.0093978017 0.0000000000 0.0000000000 0.0000000000 1.0000000000
20230803 18 10 17.796 0.9989620209 0.0438550372 -0.0123132664 16.0339221560 -0.0450973011 0.9141430209 -0.4028756268 -26.2463155947 -0.0064120390 0.4030127454 0.9151719034 151.0334146483 0.0000000000 0.0000000000 0.0000000000 1.0000000000
20230803 18 10 17.857 0.9989828466 0.0435616150 -0.0116472281 16.0428817994 -0.0445546742 0.9138354955 -0.4036329621 -26.2572868804 -0.0069392533 0.4037413439 0.9148468582 151.0336401328 0.0000000000 0.0000000000 0.0000000000 1.0000000000
20230803 18 10 17.914 0.9989787854 0.0437113699 -0.0114325161 16.0385899827 -0.0446328999 0.9154114303 -0.4000372701 -26.2622878745 -0.0070207211 0.4001390125 0.9164275640 151.1352099525 0.0000000000 0.0000000000 0.0000000000 1.0000000000
20230803 18 10 17.972 0.9989638906 0.0433891466 -0.0137305194 16.0186989523 -0.0452422913 0.9141480348 -0.4028479931 -26.2423256113 -0.0049275033 0.4030517986 0.9151639019 151.0702008503 0.0000000000 0.0000000000 0.0000000000 1.0000000000
20230803 18 10 18.030 0.9989883976 0.0441186637 -0.0087020144 16.0424180819 -0.0438809461 0.9140933709 -0.4031225271 -26.2060380848 -0.0098307735 0.4030965800 0.9151046405 151.0729903609 0.0000000000 0.0000000000 0.0000000000 1.0000000000
20230803 18 10 18.087 0.9989549827 0.0432654491 -0.0147323952 16.0281638334 -0.0455426153 0.9151335985 -0.4005700526 -26.2422096089 -0.0038487334 0.4008224017 0.9161476898 151.0472716229 0.0000000000 0.0000000000 0.0000000000 1.0000000000
20230803 18 10 18.144 0.9989813365 0.0431725984 -0.0131307326 16.0506622724 -0.0448050182 0.9143651347 -0.4024039151 -26.2764481724 -0.0053665386 0.4025823236 0.9153680533 151.0685800272 0.0000000000 0.0000000000 0.0000000000 1.0000000000
20230803 18 10 18.202 0.9989644546 0.0438767523 -0.0120353224 16.0194616095 -0.0449880008 0.9131168732 -0.4052081633 -26.2779088834 -0.0067895622 0.4053299970 0.9141452266 150.9546489009 0.0000000000 0.0000000000 0.0000000000 1.0000000000
20230803 18 10 18.259 0.9989455509 0.0426187000 -0.0170714032 16.0342679776 -0.0458828480 0.9138217390 -0.4035152953 -26.3093804982 -0.0015970779 0.4038730935 0.9148136278 151.0549593017 0.0000000000 0.0000000000 0.0000000000 1.0000000000
20230803 18 10 18.316 0.9989803505 0.0432466329 -0.0129610189 16.0427066871 -0.0448050336 0.9144064708 -0.4023099739 -26.2847704960 -0.0055469122 0.4024804776 0.9154117636 151.1062730383 0.0000000000 0.0000000000 0.0000000000 1.0000000000
20230803 18 10 18.374 0.9989692699 0.0432092199 -0.0139054373 16.0221971770 -0.0451425865 0.9136781836 -0.4039236607 -26.2577106588 -0.0047481316 0.4041350518 0.9146870039 151.0002431471 0.0000000000 0.0000000000 0.0000000000 1.0000000000
20230803 18 10 18.432 0.9990126123 0.0429542045 -0.0113462223 16.0253112997 -0.0439077003 0.9156325824 -0.3996111708 -26.2628456123 -0.0067760091 0.3997147862 0.9166145184 151.1265904560 0.0000000000 0.0000000000 0.0000000000 1.0000000000
20230803 18 10 18.491 0.9990339220 0.0419666436 -0.0130393036 15.9660364657 -0.0436598936 0.9140558114 -0.4032316794 -26.2823442591 -0.0050036289 0.4034114208 0.9150050214 150.9993751866 0.0000000000 0.0000000000 0.0000000000 1.0000000000
20230803 18 10 18.548 0.9989726889 0.0405280919 -0.0202741374 15.9713004218 -0.0452775529 0.9111520825 -0.4095751773 -26.2894649040 0.0018735221 0.4100723795 0.9120510586 150.8106435470 0.0000000000 0.0000000000 0.0000000000 1.0000000000
20230803 18 10 18.605 0.9989858754 0.0409331567 -0.0187535965 15.9747394150 -0.0450233246 0.9113954174 -0.4090614788 -26.3406978236 0.0003477643 0.4094909887 0.9123140957 150.8096566456 0.0000000000 0.0000000000 0.0000000000 1.0000000000
20230803 18 10 18.663 0.9989445914 0.0400996100 -0.0223992083 15.9570356229 -0.0457757045 0.9092837111 -0.4136516864 -26.3650885701 0.0037799640 0.4142404544 0.9101596331 150.7416235196 0.0000000000 0.0000000000 0.0000000000 1.0000000000
20230803 18 10 18.720 0.9990062832 0.0404178770 -0.0187840716 15.9713857255 -0.0445667216 0.9106508793 -0.4107660932 -26.3732152580 0.0005034378 0.4111950525 0.9115472425 150.8220703161 0.0000000000 0.0000000000 0.0000000000 1.0000000000
20230803 18 10 18.777 0.9989906258 0.0408066988 -0.0187761241 15.9636412547 -0.0449173243 0.9112565399 -0.4093824038 -26.3818057039 0.0004043214 0.4098125570 0.9121696688 150.8052299253 0.0000000000 0.0000000000 0.0000000000 1.0000000000
20230803 18 10 18.835 0.9990288325 0.0408026486 -0.0166293635 15.9919089396 -0.0440340848 0.9113293399 -0.4093163003 -26.4467613520 -0.0015463623 0.4096510444 0.9122409937 150.9276621220 0.0000000000 0.0000000000 0.0000000000 1.0000000000
20230803 18 10 18.892 0.9990231131 0.0401446892 -0.0184722362 15.9662812691 -0.0441884668 0.9117275502 -0.4084118676 -26.4869882742 0.0004460792 0.4088291552 0.9126108277 150.8984336878 0.0000000000 0.0000000000 0.0000000000 1.0000000000
20230803 18 10 18.949 0.9989493183 0.0395139460 -0.0232143802 15.9725664720 -0.0455607941 0.9109532996 -0.4099857314 -26.5248333727 0.0049470622 0.4106126325 0.9117964645 150.8799465160 0.0000000000 0.0000000000 0.0000000000 1.0000000000
20230803 18 10 19.006 0.9990546441 0.0399451973 -0.0171522406 15.9730549293 -0.0434644359 0.9104630099 -0.4113003166 -26.5398500876 -0.0008129917 0.4116570039 0.9113384938 150.8628748173 0.0000000000 0.0000000000 0.0000000000 1.0000000000
20230803 18 10 19.067 0.9990499855 0.0401149259 -0.0170270148 15.9697447392 -0.0435653789 0.9095929838 -0.4132101905 -26.4943490691 -0.0010882430 0.4135594231 0.9104764792 150.8186979307 0.0000000000 0.0000000000 0.0000000000 1.0000000000
20230803 18 10 19.124 0.9990484847 0.0403590128 -0.0165310434 15.9727465383 -0.0435882769 0.9111158857 -0.4098388767 -26.4569263282 -0.0014789962 0.4101694684 0.9120081248 150.8559639772 0.0000000000 0.0000000000 0.0000000000 1.0000000000
20230803 18 10 19.181 0.9990393334 0.0399548092 -0.0180006540 15.9446640930 -0.0438223043 0.9120469647 -0.4077375870 -26.4110103753 0.0001263644 0.4081347172 0.9129217034 150.8455095835 0.0000000000 0.0000000000 0.0000000000 1.0000000000
20230803 18 10 19.238 0.9989588610 0.0407789141 -0.0204517530 15.9718512456 -0.0455695907 0.9130520555 -0.4052892256 -26.4252778746 0.0021462606 0.4057992412 0.9139597198 150.9768105575 0.0000000000 0.0000000000 0.0000000000 1.0000000000
20230803 18 10 19.296 0.9989300021 0.0396578674 -0.0237929481 15.9528672363 -0.0459223806 0.9114817461 -0.4087690810 -26.4132445342 0.0054759279 0.4094243278 0.9123276462 150.7887162825 0.0000000000 0.0000000000 0.0000000000 1.0000000000
20230803 18 10 19.431 0.9988923610 0.0400598062 -0.0246832537 15.9576283960 -0.0466569552 0.9112277077 -0.4092519924 -26.3443368449 0.0060975092 0.4099503345 0.9120874649 150.7675475812 0.0000000000 0.0000000000 0.0000000000 1.0000000000
20230803 18 10 19.489 0.9990058876 0.0417708895 -0.0155701418 15.9535903239 -0.0444903786 0.9122976426 -0.4071039395 -26.3132874412 -0.0028004900 0.4073919540 0.9132491189 150.8853226912 0.0000000000 0.0000000000 0.0000000000 1.0000000000
20230803 18 10 19.547 0.9989814498 0.0413703167 -0.0180155424 15.9650929841 -0.0451211271 0.9124828584 -0.4066191302 -26.2414449962 -0.0003830886 0.4070178498 0.9134201241 150.8402832294 0.0000000000 0.0000000000 0.0000000000 1.0000000000
20230803 18 10 19.604 0.9989810654 0.0425429287 -0.0150642031 15.9590234957 -0.0450006629 0.9135882802 -0.4041427898 -26.2515884392 -0.0034309385 0.4044088939 0.9145718535 150.8942492552 0.0000000000 0.0000000000 0.0000000000 1.0000000000
20230803 18 10 19.661 0.9989949590 0.0419781580 -0.0157132446 15.9619044050 -0.0447441575 0.9132181307 -0.4050069210 -26.2435977956 -0.0026518246 0.4053029484 0.9141785864 150.9068931349 0.0000000000 0.0000000000 0.0000000000 1.0000000000
20230803 18 10 19.719 0.9989530680 0.0413675550 -0.0195318549 15.9661825866 -0.0457357807 0.9124710741 -0.4065769022 -26.1933933070 0.0010031603 0.4070445484 0.9134077563 150.8050132236 0.0000000000 0.0000000000 0.0000000000 1.0000000000
20230803 18 10 19.776 0.9990287126 0.0430685107 -0.0093131545 15.9876156458 -0.0431714389 0.9143582824 -0.4025980108 -26.1883998488 -0.0088237368 0.4026090347 0.9153295073 150.9289463906 0.0000000000 0.0000000000 0.0000000000 1.0000000000
20230803 18 10 19.833 0.9990079352 0.0434062529 -0.0099520121 16.0081284050 -0.0437623296 0.9155181498 -0.3998892046 -26.1796275748 -0.0082464442 0.3999280118 0.9165094552 151.0448939112 0.0000000000 0.0000000000 0.0000000000 1.0000000000
20230803 18 10 19.891 0.9990456203 0.0431109487 -0.0070210153 15.9705436174 -0.0423239852 0.9157408959 -0.3995338431 -26.1565198665 -0.0107948522 0.3994496935 0.9166915586 151.0590929395 0.0000000000 0.0000000000 0.0000000000 1.0000000000
20230803 18 10 19.948 0.9990032262 0.0432272540 -0.0111336697 15.9759018306 -0.0440672352 0.9152992210 -0.4003566095 -26.1629988789 -0.0071156777 0.4004481745 0.9162917803 151.0402928389 0.0000000000 0.0000000000 0.0000000000 1.0000000000
20230803 18 10 20.005 0.9990288177 0.0423769930 -0.0120669724 15.9904953680 -0.0436542921 0.9148024959 -0.4015354234 -26.2043238056 -0.0059769673 0.4016722344 0.9157639936 151.0088931151 0.0000000000 0.0000000000 0.0000000000 1.0000000000
20230803 18 10 20.062 0.9990128199 0.0424965322 -0.0129394875 15.9787473442 -0.0441151517 0.9148530474 -0.4013698482 -26.2372232141 -0.0052190971 0.4015444513 0.9158246637 151.0342339248 0.0000000000 0.0000000000 0.0000000000 1.0000000000
20230803 18 10 20.120 0.9990101167 0.0429163906 -0.0117034209 15.9973757870 -0.0440339458 0.9167614565 -0.3970005586 -26.2238496482 -0.0063085858 0.3971229222 0.9177437477 151.2213293027 0.0000000000 0.0000000000 0.0000000000 1.0000000000
20230803 18 10 20.177 0.9989897454 0.0426319515 -0.0142128593 15.9819010518 -0.0447590815 0.9156708656 -0.3994289555 -26.1933014141 -0.0040141347 0.3996615850 0.9166539719 151.1185418649 0.0000000000 0.0000000000 0.0000000000 1.0000000000
20230803 18 10 20.234 0.9989891921 0.0438429421 -0.0099191935 15.9822220929 -0.0441281500 0.9144976871 -0.4021774318 -26.1778633247 -0.0085615624 0.4022086233 0.9155080136 151.0458417418 0.0000000000 0.0000000000 0.0000000000 1.0000000000
20230803 18 10 20.292 0.9990203574 0.0428908623 -0.0108949292 15.9914335480 -0.0436485316 0.9144928525 -0.4022407592 -26.1245155039 -0.0072891181 0.4023222546 0.9154690995 151.0359457505 0.0000000000 0.0000000000 0.0000000000 1.0000000000
20230803 18 10 20.349 0.9989731051 0.0417727433 -0.0175434640 15.9615988135 -0.0453018718 0.9150431432 -0.4008039253 -26.1432737633 -0.0006896531 0.4011870936 0.9159958735 150.9927942243 0.0000000000 0.0000000000 0.0000000000 1.0000000000
20230803 18 10 20.406 0.9990091454 0.0427806165 -0.0122697293 15.9840712254 -0.0441118348 0.9152214881 -0.4005293668 -26.1744868124 -0.0059053734 0.4006737407 0.9162017682 151.0924193111 0.0000000000 0.0000000000 0.0000000000 1.0000000000
20230803 18 10 20.463 0.9990069587 0.0430703351 -0.0114036289 15.9919197657 -0.0440387787 0.9157265576 -0.3993813438 -26.2000826765 -0.0067588825 0.3994869435 0.9167139682 151.1291561353 0.0000000000 0.0000000000 0.0000000000 1.0000000000
20230803 18 10 20.520 0.9989572591 0.0432099308 -0.0147409782 15.9887761074 -0.0454875150 0.9143373894 -0.4023903879 -26.1821967259 -0.0039090333 0.4026413295 0.9153494848 151.0098116979 0.0000000000 0.0000000000 0.0000000000 1.0000000000
20230803 18 10 20.577 0.9989475042 0.0433852217 -0.0148864479 15.9817352257 -0.0457111163 0.9148097410 -0.4012899596 -26.2100226014 -0.0037917864 0.4015480798 0.9158300945 151.1002528602 0.0000000000 0.0000000000 0.0000000000 1.0000000000
20230803 18 10 20.634 0.9990271622 0.0427259881 -0.0109187495 15.9991014922 -0.0435537016 0.9171311719 -0.3961987993 -26.2525916065 -0.0069140596 0.3962889141 0.9180998270 151.2943254472 0.0000000000 0.0000000000 0.0000000000 1.0000000000
20230803 18 10 20.692 0.9989374004 0.0440637332 -0.0135076838 15.9852870094 -0.0457604946 0.9134316047 -0.4044115240 -26.2476351139 -0.0054815362 0.4045999148 0.9144773708 150.9635800451 0.0000000000 0.0000000000 0.0000000000 1.0000000000
20230803 18 10 20.749 0.9989192590 0.0431519938 -0.0172690287 15.9799475228 -0.0464459804 0.9127098572 -0.4059599580 -26.2595787935 -0.0017563689 0.4063232974 0.9137276909 150.9362019897 0.0000000000 0.0000000000 0.0000000000 1.0000000000
20230803 18 10 20.807 0.9989869472 0.0427100043 -0.0141751493 15.9890674804 -0.0448058481 0.9147268874 -0.4015808231 -26.2824989195 -0.0041851285 0.4018091301 0.9157138787 151.0579200929 0.0000000000 0.0000000000 0.0000000000 1.0000000000
20230803 18 10 20.866 0.9989794183 0.0433986340 -0.0125171994 15.9862228141 -0.0447524145 0.9135337870 -0.4042935089 -26.2607017722 -0.0061109014 0.4044410692 0.9145436449 151.0215596664 0.0000000000 0.0000000000 0.0000000000 1.0000000000
20230803 18 10 20.923 0.9989651502 0.0447491195 -0.0081329523 15.9901093633 -0.0441814290 0.9122961750 -0.4071408730 -26.2469879831 -0.0107995343 0.4070788688 0.9133291655 150.9434176365 0.0000000000 0.0000000000 0.0000000000 1.0000000000
20230803 18 10 20.981 0.9989490997 0.0433875751 -0.0147720890 15.9837449021 -0.0456529330 0.9133510023 -0.4046056801 -26.2614073197 -0.0040627570 0.4048548690 0.9143719315 150.9683583216 0.0000000000 0.0000000000 0.0000000000 1.0000000000
20230803 18 10 21.037 0.9989267276 0.0425870939 -0.0182135206 15.9824634793 -0.0463161834 0.9145771317 -0.4017505213 -26.2887929249 -0.0004517178 0.4021629143 0.9155680129 151.0314488755 0.0000000000 0.0000000000 0.0000000000 1.0000000000
20230803 18 10 21.095 0.9989274400 0.0429161080 -0.0173832497 15.9642020332 -0.0462781379 0.9130555747 -0.4052010014 -26.2838226001 -0.0015177769 0.4055708634 0.9140623453 150.9824128421 0.0000000000 0.0000000000 0.0000000000 1.0000000000
20230803 18 10 21.152 0.9989220050 0.0413491423 -0.0210968335 15.9701667226 -0.0463580149 0.9121103070 -0.4073152616 -26.2708838377 0.0024005026 0.4078541851 0.9130439208 150.8437266646 0.0000000000 0.0000000000 0.0000000000 1.0000000000
20230803 18 10 21.209 0.9989527323 0.0419481155 -0.0182700344 15.9850830460 -0.0457529893 0.9130393825 -0.4052971132 -26.2633278546 -0.0003201891 0.4057085673 0.9140024376 151.0179543424 0.0000000000 0.0000000000 0.0000000000 1.0000000000
20230803 18 10 21.266 0.9989509101 0.0426424151 -0.0166944198 15.9614870081 -0.0457402684 0.9114810468 -0.4087910582 -26.2030713141 -0.0022151908 0.4091258068 0.9124752967 150.7649150819 0.0000000000 0.0000000000 0.0000000000 1.0000000000
20230803 18 10 21.386 0.9989352029 0.0421226189 -0.0188187505 15.9669561900 -0.0461350184 0.9133133232 -0.4046360510 -26.2853270474 0.0001430854 0.4050733991 0.9142841576 150.9709355456 0.0000000000 0.0000000000 0.0000000000 1.0000000000
20230803 18 10 21.445 0.9990122118 0.0404514912 -0.0183923228 15.9653179521 -0.0444359238 0.9114804986 -0.4089361188 -26.3213984337 0.0002221678 0.4093494564 0.9123776483 150.8948349233 0.0000000000 0.0000000000 0.0000000000 1.0000000000
20230803 18 10 21.504 0.9989918881 0.0415605078 -0.0169685477 15.9642362012 -0.0448670625 0.9120219805 -0.4076798424 -26.3766064712 -0.0014676928 0.4080301844 0.9129672582 151.0202290801 0.0000000000 0.0000000000 0.0000000000 1.0000000000
20230803 18 10 21.561 0.9990313216 0.0416222074 -0.0142832199 15.9396503173 -0.0438244282 0.9117138415 -0.4084816895 -26.3781444105 -0.0039797003 0.4087119561 0.9126547534 150.9609932115 0.0000000000 0.0000000000 0.0000000000 1.0000000000
20230803 18 10 21.619 0.9990040848 0.0401688114 -0.0194243432 15.9023053748 -0.0446045654 0.9100833641 -0.4120178433 -26.3885856150 0.0011275045 0.4124739229 0.9109687106 150.8463416904 0.0000000000 0.0000000000 0.0000000000 1.0000000000
20230803 18 10 21.677 0.9989819765 0.0412339998 -0.0182966643 15.9413847601 -0.0451103552 0.9107902668 -0.4103975460 -26.4798351028 -0.0002579086 0.4108051207 0.9117231413 150.9796807465 0.0000000000 0.0000000000 0.0000000000 1.0000000000
20230803 18 10 21.735 0.9989954607 0.0401509390 -0.0198990361 15.9413889195 -0.0447742806 0.9124455177 -0.4067412459 -26.5788962860 0.0018257433 0.4072236233 0.9133266597 151.0360262609 0.0000000000 0.0000000000 0.0000000000 1.0000000000
20230803 18 10 21.793 0.9990797786 0.0400834259 -0.0152615515 15.9136403384 -0.0428259745 0.9127748575 -0.4062117619 -26.6629954179 -0.0023519986 0.4064915479 0.9136515143 151.0046206967 0.0000000000 0.0000000000 0.0000000000 1.0000000000
20230803 18 10 21.851 0.9990624230 0.0398987517 -0.0168037053 15.9373711816 -0.0432852334 0.9132706750 -0.4050469883 -26.7546834106 -0.0008145379 0.4053945779 0.9141414402 151.1322426717 0.0000000000 0.0000000000 0.0000000000 1.0000000000
20230803 18 10 21.909 0.9991537927 0.0401708843 -0.0088316775 15.9139863285 -0.0402881142 0.9126384935 -0.4067773936 -26.7804932834 -0.0082804788 0.4067889873 0.9134846214 151.0784073868 0.0000000000 0.0000000000 0.0000000000 1.0000000000
20230803 18 10 21.967 0.9991606272 0.0399640544 -0.0089953001 15.9099112120 -0.0401702865 0.9128734621 -0.4062614801 -26.8393020085 -0.0080242851 0.4062818190 0.9137125885 151.0285538678 0.0000000000 0.0000000000 0.0000000000 1.0000000000
20230803 18 10 22.025 0.9991056146 0.0401841355 -0.0131607796 15.8518494266 -0.0420442703 0.9109643830 -0.4103366572 -26.9339175773 -0.0045000224 0.4105229935 0.9118391424 150.8868407674 0.0000000000 0.0000000000 0.0000000000 1.0000000000
20230803 18 10 22.083 0.9990863593 0.0420761802 -0.0074861079 15.8417017026 -0.0414587975 0.9117019029 -0.4087551937 -27.0564908022 -0.0103737583 0.4086921033 0.9126133627 150.8789038653 0.0000000000 0.0000000000 0.0000000000 1.0000000000
20230803 18 10 22.141 0.9768557051 -0.0090144204 0.2137093159 15.8294762688 -0.0051209828 0.9978395987 0.0654974113 -27.2096728871 -0.2138380392 -0.0650759216 0.9746991420 150.9407859056 0.0000000000 0.0000000000 0.0000000000 1.0000000000
20230803 18 10 22.199 0.9990757660 0.0405972527 -0.0141236253 15.7950843958 -0.0428090738 0.9101629654 -0.4120324740 -27.2808282332 -0.0038725858 0.4122562789 0.9110596927 150.9174683801 0.0000000000 0.0000000000 0.0000000000 1.0000000000
20230803 18 10 22.257 0.9990781158 0.0416934360 -0.0102262376 15.7425344140 -0.0421852696 0.9093468966 -0.4138944609 -27.2683952086 -0.0079574848 0.4139442947 0.9102674329 150.7024209355 0.0000000000 0.0000000000 0.0000000000 1.0000000000
20230803 18 10 22.315 0.9990484058 0.0429421045 -0.0076327251 15.7297386463 -0.0422406297 0.9090438946 -0.4145538891 -27.2844815463 -0.0108633343 0.4144818131 0.9099927552 150.7773910851 0.0000000000 0.0000000000 0.0000000000 1.0000000000
20230803 18 10 22.373 0.9990208113 0.0418400988 -0.0143814025 15.6976506259 -0.0440292806 0.9083193976 -0.4159534762 -27.2624997811 -0.0043406277 0.4161793821 0.9092721710 150.6448488216 0.0000000000 0.0000000000 0.0000000000 1.0000000000
20230803 18 10 22.432 0.9990385169 0.0429535584 -0.0087768818 15.6991693333 -0.0427260579 0.9090545944 -0.4144806731 -27.2527200628 -0.0098247551 0.4144571585 0.9100157900 150.6019558933 0.0000000000 0.0000000000 0.0000000000 1.0000000000
20230803 18 10 22.490 0.9990211944 0.0432396696 -0.0093265230 15.6567419504 -0.0432049768 0.9086278792 -0.4153657510 -27.3215235473 -0.0094859391 0.4153621409 0.9096066781 150.5795991296 0.0000000000 0.0000000000 0.0000000000 1.0000000000
20230803 18 10 22.549 0.9990311820 0.0427304841 -0.0105263060 15.6687526283 -0.0432555432 0.9094074555 -0.4136508647 -27.3072762692 -0.0081028005 0.4137054333 0.9103747355 150.5416786086 0.0000000000 0.0000000000 0.0000000000 1.0000000000
20230803 18 10 22.607 0.9989965115 0.0423640229 -0.0145347701 15.6802688688 -0.0445789860 0.9091978295 -0.4139710387 -27.2422567654 -0.0043224971 0.4142035688 0.9101740051 150.4542407694 0.0000000000 0.0000000000 0.0000000000 1.0000000000
20230803 18 10 22.665 0.9990125402 0.0430121995 -0.0111308254 15.7028205490 -0.0437764553 0.9101622483 -0.4119324020 -27.1511045112 -0.0075872616 0.4120129034 0.9111464212 150.4727768767 0.0000000000 0.0000000000 0.0000000000 1.0000000000
20230803 18 10 22.723 0.9990598873 0.0423013847 -0.0094833770 15.6494646798 -0.0424560991 0.9105017162 -0.4113199539 -27.1910647247 -0.0087647725 0.4113358940 0.9114416937 150.4470891674 0.0000000000 0.0000000000 0.0000000000 1.0000000000
20230803 18 10 22.781 0.9988900190 0.0422324107 -0.0208603306 15.5918529504 -0.0470869598 0.9069799967 -0.4185332768 -27.5031476731 0.0012442334 0.4190509623 0.9079618620 150.3327487282 0.0000000000 0.0000000000 0.0000000000 1.0000000000
20230803 18 10 22.839 0.9989918755 0.0428597829 -0.0133518448 15.6380906001 -0.0445229476 0.9079296183 -0.4167511431 -27.5694370732 -0.0057393282 0.4169254696 0.9089225561 150.2617142746 0.0000000000 0.0000000000 0.0000000000 1.0000000000
20230803 18 10 22.897 0.9990409869 0.0437122559 -0.0025189722 15.6904834601 -0.0407950598 0.9083885145 -0.4161322745 -27.5834819442 -0.0159018751 0.4158359598 0.9093006021 150.4352477938 0.0000000000 0.0000000000 0.0000000000 1.0000000000
20230803 18 10 22.957 0.9989673113 0.0408845651 -0.0198182562 15.6388397338 -0.0454232446 0.9084874128 -0.4154363363 -27.6949965732 0.0010197024 0.4159075294 0.9094063378 150.3850497433 0.0000000000 0.0000000000 0.0000000000 1.0000000000
20230803 18 10 23.044 0.9990510835 0.0423656186 -0.0101038085 15.7319507331 -0.0427207948 0.9080562311 -0.4166639112 -27.5671302185 -0.0084773980 0.4167001747 0.9090044544 150.5282067262 0.0000000000 0.0000000000 0.0000000000 1.0000000000
20230803 18 10 23.106 0.9990421299 0.0429148875 -0.0085519072 15.7756286747 -0.0425859969 0.9085793852 -0.4155357189 -27.3609468332 -0.0100625820 0.4155018812 0.9095366574 150.6505796606 0.0000000000 0.0000000000 0.0000000000 1.0000000000
20230803 18 10 23.193 0.9777577136 -0.0081503054 0.2095791640 15.7847557266 -0.0069948431 0.9974216646 0.0714219521 -27.1909888181 -0.2096209093 -0.0712993379 0.9751797161 150.5838122257 0.0000000000 0.0000000000 0.0000000000 1.0000000000
20230803 18 10 23.261 0.9990331722 0.0422626353 -0.0121074571 15.7312714754 -0.0435008045 0.9104905775 -0.4112354414 -27.1401624492 -0.0063561679 0.4113645317 0.9114487485 150.6972793737 0.0000000000 0.0000000000 0.0000000000 1.0000000000
20230803 18 10 23.395 0.9990665281 0.0417336243 -0.0111524411 15.7868552987 -0.0426512118 0.9120302054 -0.4078992261 -26.7877518903 -0.0068517499 0.4079941287 0.9129588405 150.8786959718 0.0000000000 0.0000000000 0.0000000000 1.0000000000
20230803 18 10 23.453 0.9989844196 0.0417801456 -0.0168685770 15.7833004608 -0.0450256461 0.9117335455 -0.4083070329 -26.6590223620 -0.0016794797 0.4086518829 0.9126887848 150.7078154002 0.0000000000 0.0000000000 0.0000000000 1.0000000000
20230803 18 10 23.511 0.9990023891 0.0419567364 -0.0152924432 15.7667670832 -0.0445438234 0.9118876819 -0.4080155677 -26.6797378706 -0.0031740110 0.4082897108 0.9128468862 150.7552552867 0.0000000000 0.0000000000 0.0000000000 1.0000000000
20230803 18 10 23.569 0.9990643465 0.0418079084 -0.0110693430 15.7761708687 -0.0426777038 0.9115944220 -0.4088694454 -26.9088121439 -0.0070032250 0.4089592995 0.9125257510 150.7943618973 0.0000000000 0.0000000000 0.0000000000 1.0000000000
20230803 18 10 23.626 0.9989971064 0.0445274078 -0.0047001466 15.6750198484 -0.0425068700 0.9101712390 -0.4120454850 -27.2094544202 -0.0140693791 0.4118320357 0.9111511548 150.4935158818 0.0000000000 0.0000000000 0.0000000000 1.0000000000
20230803 18 10 23.684 0.9989283199 0.0448290697 -0.0115137375 15.6290133165 -0.0455859179 0.9098898929 -0.4123376127 -27.5268569420 -0.0080084782 0.4124205830 0.9109583563 150.5592459725 0.0000000000 0.0000000000 0.0000000000 1.0000000000
20230803 18 10 23.741 0.9989477750 0.0440321665 -0.0128261914 15.6427062375 -0.0453827313 0.9087246307 -0.4149216231 -27.6778604377 -0.0066144219 0.4150671198 0.9097667479 150.5845376618 0.0000000000 0.0000000000 0.0000000000 1.0000000000
20230803 18 10 23.798 0.9989068034 0.0427307766 -0.0189546547 15.6126543974 -0.0467404910 0.9067113656 -0.4191537021 -27.8758733745 -0.0007243624 0.4195814345 0.9077174093 150.5008169506 0.0000000000 0.0000000000 0.0000000000 1.0000000000
20230803 18 10 23.856 0.9988910423 0.0428523689 -0.0195028230 15.6396376591 -0.0470816092 0.9083878152 -0.4154694925 -27.7846442173 -0.0000877252 0.4159269787 0.9093980100 150.4091492602 0.0000000000 0.0000000000 0.0000000000 1.0000000000
20230803 18 10 23.914 0.9989561149 0.0435013355 -0.0139396640 15.6689619630 -0.0453413000 0.9071476374 -0.4183626781 -27.7201353708 -0.0055540019 0.4185579981 0.9081730866 150.4601554224 0.0000000000 0.0000000000 0.0000000000 1.0000000000
20230803 18 10 23.971 0.9989765505 0.0441217772 -0.0099559207 15.6777171141 -0.0442613578 0.9082496105 -0.4160812146 -27.4791351883 -0.0093157816 0.4160960391 0.9092729527 150.5734658441 0.0000000000 0.0000000000 0.0000000000 1.0000000000
20230803 18 10 24.029 0.9990086468 0.0409996196 -0.0173422817 15.7259927634 -0.0445017130 0.9097190390 -0.4128327357 -27.1034440923 -0.0011493812 0.4131952339 0.9106417395 150.5048539038 0.0000000000 0.0000000000 0.0000000000 1.0000000000
20230803 18 10 24.086 0.9990409658 0.0422426523 -0.0115198486 15.7882242733 -0.0432454332 0.9107742805 -0.4106337085 -26.8924841918 -0.0068542751 0.4107380776 0.9117276186 150.6603524528 0.0000000000 0.0000000000 0.0000000000 1.0000000000
20230803 18 10 24.143 0.9990073391 0.0420976142 -0.0145645907 15.7800476035 -0.0443671637 0.9110540441 -0.4098927708 -26.7614190244 -0.0039863785 0.4101320758 0.9120174281 150.6038908206 0.0000000000 0.0000000000 0.0000000000 1.0000000000
20230803 18 10 24.201 0.9989856356 0.0427906147 -0.0140236654 15.7767181801 -0.0447953553 0.9126082645 -0.4063736355 -26.7936447678 -0.0045908647 0.4065896196 0.9135993680 150.7246137210 0.0000000000 0.0000000000 0.0000000000 1.0000000000
20230803 18 10 24.259 0.9989933235 0.0431079439 -0.0124114787 15.7831065649 -0.0444048494 0.9109997336 -0.4100093837 -26.9256863129 -0.0063678077 0.4101477667 0.9119968533 150.6752242862 0.0000000000 0.0000000000 0.0000000000 1.0000000000
20230803 18 10 24.316 0.9989905773 0.0438846214 -0.0095899160 15.8279595354 -0.0439678007 0.9115379770 -0.4088585928 -26.9356687120 -0.0092010319 0.4088675292 0.9125473602 150.7478833531 0.0000000000 0.0000000000 0.0000000000 1.0000000000
20230803 18 10 24.374 0.9989742395 0.0437232334 -0.0117791211 15.8472936475 -0.0447566244 0.9138761890 -0.4035184701 -26.8302301013 -0.0068784740 0.4036317504 0.9148956753 150.9472560534 0.0000000000 0.0000000000 0.0000000000 1.0000000000
20230803 18 10 24.431 0.9989198906 0.0427857807 -0.0181226161 15.8697062738 -0.0464537005 0.9107480038 -0.4103414764 -26.5908556687 -0.0010516440 0.4107401253 0.9117518541 150.6745597554 0.0000000000 0.0000000000 0.0000000000 1.0000000000
20230803 18 10 24.489 0.9989647888 0.0416971679 -0.0181850770 15.8587995769 -0.0454849885 0.9095650343 -0.4130648426 -26.4421536809 -0.0006831239 0.4134643812 0.9105200376 150.5018086229 0.0000000000 0.0000000000 0.0000000000 1.0000000000
20230803 18 10 24.546 0.9989279291 0.0427869811 -0.0176710700 15.9305829294 -0.0462731772 0.9118810332 -0.4078379266 -26.4911651596 -0.0013362400 0.4082183920 0.9128833216 150.7739064315 0.0000000000 0.0000000000 0.0000000000 1.0000000000
20230803 18 10 24.604 0.9988902310 0.0424779043 -0.0203453694 15.9522265761 -0.0470891921 0.9094710836 -0.4130919462 -26.4957677066 0.0009562450 0.4135915566 0.9104620310 150.5430338107 0.0000000000 0.0000000000 0.0000000000 1.0000000000
20230803 18 10 24.661 0.9989597516 0.0425445213 -0.0164127483 15.9578320414 -0.0455242491 0.9096315290 -0.4129140638 -26.5382936713 -0.0026376779 0.4132317087 0.9106220937 150.5613055005 0.0000000000 0.0000000000 0.0000000000 1.0000000000
20230803 18 10 24.719 0.9989561500 0.0437343423 -0.0131877820 16.0026068237 -0.0453097281 0.9120221828 -0.4076304289 -26.5950792297 -0.0057998990 0.4078024587 0.9130517597 150.7814649458 0.0000000000 0.0000000000 0.0000000000 1.0000000000
20230803 18 10 24.776 0.9990070183 0.0423400773 -0.0138670530 16.0135002633 -0.0443043347 0.9112404462 -0.4094850122 -26.5891203927 -0.0047014075 0.4096927716 0.9122114501 150.7689055692 0.0000000000 0.0000000000 0.0000000000 1.0000000000
20230803 18 10 24.833 0.9989960131 0.0437640520 -0.0095746356 16.0281658100 -0.0438520515 0.9115664417 -0.4088075587 -26.5806619277 -0.0091631588 0.4088169886 0.9125703843 150.8668377390 0.0000000000 0.0000000000 0.0000000000 1.0000000000
20230803 18 10 24.891 0.9989622364 0.0428033018 -0.0155668766 16.0327611071 -0.0454254308 0.9114495815 -0.4088963079 -26.5417787415 -0.0033136889 0.4091791022 0.9124480707 150.7760767426 0.0000000000 0.0000000000 0.0000000000 1.0000000000
20230803 18 10 24.949 0.9990046512 0.0415261101 -0.0162876987 16.0237882508 -0.0445527696 0.9110562096 -0.4098678247 -26.5404583920 -0.0021812074 0.4101855253 0.9119994941 150.8017682096 0.0000000000 0.0000000000 0.0000000000 1.0000000000
20230803 18 10 25.006 0.9990061915 0.0422490951 -0.0142001141 16.0377044970 -0.0443530296 0.9107923677 -0.4104754216 -26.5784960372 -0.0044088596 0.4106973058 0.9117610899 150.8056445549 0.0000000000 0.0000000000 0.0000000000 1.0000000000
20230803 18 10 25.063 0.9990441594 0.0424487402 -0.0104341794 16.0713565576 -0.0429889761 0.9108653632 -0.4104585703 -26.6372740195 -0.0079193166 0.4105147920 0.9118195490 150.8519703873 0.0000000000 0.0000000000 0.0000000000 1.0000000000
20230803 18 10 25.121 0.9990380796 0.0436702458 -0.0039780735 16.0847737286 -0.0415151012 0.9127052789 -0.4065040838 -26.6766273647 -0.0141213246 0.4062782094 0.9136403038 150.9736482619 0.0000000000 0.0000000000 0.0000000000 1.0000000000
20230803 18 10 25.178 0.9990244864 0.0432723423 -0.0088079446 16.0906756341 -0.0431175264 0.9127722837 -0.4061867022 -26.6535944093 -0.0095370023 0.4061702384 0.9137476583 150.9794928394 0.0000000000 0.0000000000 0.0000000000 1.0000000000
20230803 18 10 25.236 0.9990282734 0.0432359047 -0.0085536802 16.0878229419 -0.0429681192 0.9122443477 -0.4073867828 -26.6519761411 -0.0098106897 0.4073584498 0.9132156612 150.9200703082 0.0000000000 0.0000000000 0.0000000000 1.0000000000
20230803 18 10 25.293 0.9989983521 0.0421773515 -0.0149453514 16.0952402895 -0.0446069414 0.9122794379 -0.4071319786 -26.6327777058 -0.0035374118 0.4073908421 0.9132470578 150.9052715833 0.0000000000 0.0000000000 0.0000000000 1.0000000000
20230803 18 10 25.427 0.9990231598 0.0431483150 -0.0095367211 16.0678340062 -0.0432465924 0.9103145788 -0.4116516729 -26.5739181915 -0.0090806598 0.4116619857 0.9112913646 150.7815034273 0.0000000000 0.0000000000 0.0000000000 1.0000000000
20230803 18 10 25.486 0.9990222577 0.0427549608 -0.0112490904 16.0728697921 -0.0436079859 0.9111346851 -0.4097949844 -26.5579423495 -0.0072713321 0.4098848606 0.9121082879 150.8540355008 0.0000000000 0.0000000000 0.0000000000 1.0000000000
20230803 18 10 25.544 0.9989991376 0.0425133268 -0.0139046822 16.0694536544 -0.0444828088 0.9116685906 -0.4085115183 -26.5187896159 -0.0046907217 0.4087211737 0.9126472480 150.7669293317 0.0000000000 0.0000000000 0.0000000000 1.0000000000
20230803 18 10 25.601 0.9988528537 0.0402584696 -0.0259274429 16.0309959838 -0.0473760318 0.9095777364 -0.4128242400 -26.4501662542 0.0069633527 0.4135790095 0.9104416042 150.6365128198 0.0000000000 0.0000000000 0.0000000000 1.0000000000
20230803 18 10 25.659 0.9989983833 0.0421048446 -0.0151463593 16.0509869742 -0.0446202955 0.9119956839 -0.4077657437 -26.4898639508 -0.0033554989 0.4080331537 0.9129609444 150.8894139578 0.0000000000 0.0000000000 0.0000000000 1.0000000000
20230803 18 10 25.716 0.9989682503 0.0426330103 -0.0156480429 16.0636185859 -0.0452992730 0.9109439421 -0.4100354987 -26.4644014059 -0.0032265578 0.4103212897 0.9119353204 150.7551596180 0.0000000000 0.0000000000 0.0000000000 1.0000000000
20230803 18 10 25.774 0.9989622820 0.0420939130 -0.0173914245 16.0355189331 -0.0455272586 0.9122057170 -0.4071952831 -26.4637305673 -0.0012758860 0.4075645131 0.9131755252 150.8386584926 0.0000000000 0.0000000000 0.0000000000 1.0000000000
20230803 18 10 25.831 0.9989057674 0.0426690478 -0.0191473297 16.0229962795 -0.0467681915 0.9107884564 -0.4102159479 -26.4082802270 -0.0000643571 0.4106625622 0.9117873962 150.7517505606 0.0000000000 0.0000000000 0.0000000000 1.0000000000
20230803 18 10 25.887 0.9989798968 0.0423303050 -0.0157261258 16.0471396394 -0.0450624758 0.9119455909 -0.4078291462 -26.3838256788 -0.0029221611 0.4081217765 0.9129228207 150.8429346888 0.0000000000 0.0000000000 0.0000000000 1.0000000000
20230803 18 10 25.945 0.9989228709 0.0431489761 -0.0170664558 16.0206016291 -0.0463578310 0.9120786129 -0.4073862484 -26.3955956432 -0.0020123501 0.4077386047 0.9130964794 150.8953250001 0.0000000000 0.0000000000 0.0000000000 1.0000000000
20230803 18 10 26.002 0.9989106513 0.0420105928 -0.0203130710 16.0323164687 -0.0466448803 0.9113332006 -0.4090184013 -26.3800206574 0.0013288705 0.4095203384 0.9123000200 150.7950783613 0.0000000000 0.0000000000 0.0000000000 1.0000000000
20230803 18 10 26.059 0.9989219568 0.0427444931 -0.0181061476 16.0184290091 -0.0464120253 0.9118856910 -0.4078117340 -26.4058960825 -0.0009209689 0.4082124383 0.9128864973 150.7835780397 0.0000000000 0.0000000000 0.0000000000 1.0000000000
20230803 18 10 26.116 0.9989285535 0.0426057460 -0.0180691850 16.0076153267 -0.0462659308 0.9101069844 -0.4117823948 -26.3959929178 -0.0010994047 0.4121771796 0.9111030479 150.6581403441 0.0000000000 0.0000000000 0.0000000000 1.0000000000
20230803 18 10 26.173 0.9989184631 0.0426319791 -0.0185585113 16.0222168235 -0.0464941908 0.9120743605 -0.4073802292 -26.4065150219 -0.0004406831 0.4078024955 0.9130700578 150.7802821222 0.0000000000 0.0000000000 0.0000000000 1.0000000000
20230803 18 10 26.232 0.9989465671 0.0432898109 -0.0152232856 16.0387511456 -0.0457467348 0.9134053872 -0.4044722920 -26.3914603498 -0.0036044979 0.4047426231 0.9144235433 150.8612603548 0.0000000000 0.0000000000 0.0000000000 1.0000000000
20230803 18 10 26.289 0.9989452250 0.0442845427 -0.0121374095 16.0129439312 -0.0453960980 0.9127412177 -0.4060082066 -26.3654635269 -0.0069015739 0.4061309503 0.9137888265 150.8585683160 0.0000000000 0.0000000000 0.0000000000 1.0000000000
20230803 18 10 26.346 0.9990069336 0.0429903761 -0.0117035946 15.9917512637 -0.0440380035 0.9128417453 -0.4059317705 -26.3857044142 -0.0067676298 0.4060440563 0.9138284432 150.9069035359 0.0000000000 0.0000000000 0.0000000000 1.0000000000
20230803 18 10 26.403 0.9989762291 0.0432688151 -0.0132023969 16.0028132355 -0.0448912111 0.9120821794 -0.4075424852 -26.4258483394 -0.0055922095 0.4077179267 0.9130908057 150.8185866103 0.0000000000 0.0000000000 0.0000000000 1.0000000000
20230803 18 10 26.460 0.9989458223 0.0414927292 -0.0196366393 15.9820484914 -0.0458985208 0.9098481544 -0.4123950313 -26.4822190078 0.0007549647 0.4128615863 0.9107934676 150.7167843711 0.0000000000 0.0000000000 0.0000000000 1.0000000000
20230803 18 10 26.518 0.9989778212 0.0400116095 -0.0210329223 15.9862141441 -0.0451185061 0.9110346741 -0.4098538070 -26.5123731891 0.0027628110 0.4103838371 0.9119086978 150.8185408238 0.0000000000 0.0000000000 0.0000000000 1.0000000000
20230803 18 10 26.575 0.9989992825 0.0407925145 -0.0183413293 15.9876393458 -0.0447260578 0.9100741745 -0.4120249710 -26.5341496146 -0.0001155645 0.4124329857 0.9109879357 150.8493526324 0.0000000000 0.0000000000 0.0000000000 1.0000000000
20230803 18 10 26.633 0.9990354013 0.0420988640 -0.0124880948 16.0073578275 -0.0435363212 0.9124671704 -0.4068270538 -26.5842414849 -0.0057319803 0.4069783146 0.9134198355 151.0144116015 0.0000000000 0.0000000000 0.0000000000 1.0000000000
20230803 18 10 26.692 0.9990572872 0.0411583304 -0.0138032116 15.9882595282 -0.0432029465 0.9115524369 -0.4089078871 -26.5789406698 -0.0042476147 0.4091187439 0.9124712660 150.9376265271 0.0000000000 0.0000000000 0.0000000000 1.0000000000
20230803 18 10 26.750 0.9990466306 0.0409415363 -0.0151532331 15.9802180590 -0.0435518352 0.9107576911 -0.4106381203 -26.5726568682 -0.0030112319 0.4109065816 0.9116724816 150.8509021353 0.0000000000 0.0000000000 0.0000000000 1.0000000000
20230803 18 10 26.807 0.9990469602 0.0413474761 -0.0139841857 15.9941884431 -0.0434415618 0.9107601466 -0.4106443548 -26.6551715975 -0.0042428686 0.4108604893 0.9116883549 150.9444429710 0.0000000000 0.0000000000 0.0000000000 1.0000000000
20230803 18 10 26.865 0.9990383901 0.0432865658 -0.0069690976 16.0125493182 -0.0423494437 0.9115670042 -0.4089646947 -26.8145970974 -0.0113498777 0.4088665676 0.9125235943 151.0386257115 0.0000000000 0.0000000000 0.0000000000 1.0000000000
20230803 18 10 26.922 0.9991041774 0.0410976674 -0.0100908063 16.0032907497 -0.0416339751 0.9118831590 -0.4083328500 -26.8780979787 -0.0075798913 0.4083871766 0.9127773328 150.9808234070 0.0000000000 0.0000000000 0.0000000000 1.0000000000
20230803 18 10 26.979 0.9991359029 0.0405570708 -0.0090868849 15.9759529283 -0.0407514347 0.9129540626 -0.4060224133 -26.8964315524 -0.0081711712 0.4060418741 0.9138179405 151.0644120768 0.0000000000 0.0000000000 0.0000000000 1.0000000000
20230803 18 10 27.038 0.9991242458 0.0404612146 -0.0106598139 15.9433926179 -0.0412765114 0.9113635948 -0.4095273468 -26.8826084822 -0.0068550075 0.4096087014 0.9122355620 150.9063230797 0.0000000000 0.0000000000 0.0000000000 1.0000000000
20230803 18 10 27.095 0.9991402262 0.0399075456 -0.0112337090 15.9684181996 -0.0410178265 0.9121363968 -0.4078292923 -26.8920693103 -0.0060287912 0.4079394336 0.9129890866 151.0212682195 0.0000000000 0.0000000000 0.0000000000 1.0000000000
