20230803 18 05 03.428 0.9977908217 0.0465420952 0.0474057964 21.2998223324 -0.0222103090 0.9062177651 -0.4222275030 -27.5858036453 -0.0626113275 0.4202418298 0.9052494828 146.0656851582 0.0000000000 0.0000000000 0.0000000000 1.0000000000
20230803 18 05 03.486 0.9975754280 0.0445808274 0.0534398281 21.1541601309 -0.0184472806 0.9098063963 -0.4146227432 -27.0392544726 -0.0671041224 0.4126316410 0.9084229002 146.3622130869 0.0000000000 0.0000000000 0.0000000000 1.0000000000
20230803 18 05 03.542 0.9976579590 0.0451634983 0.0513697890 20.9890861588 -0.0203603565 0.9130566368 -0.4073242368 -26.6055682205 -0.0652997143 0.4053243595 0.9118377657 146.4828737780 0.0000000000 0.0000000000 0.0000000000 1.0000000000
20230803 18 05 03.599 0.9976228542 0.0442656958 0.0528127729 20.7475527648 -0.0191215346 0.9141243029 -0.4049828710 -26.1024033971 -0.0662042878 0.4030103064 0.9127977241 146.5494018335 0.0000000000 0.0000000000 0.0000000000 1.0000000000
20230803 18 05 03.656 0.9980226970 0.0447049927 0.0441832546 20.4507810251 -0.0231703569 0.9151099598 -0.4025380678 -25.5343120178 -0.0584279977 0.4007183863 0.9143363407 146.7148381420 0.0000000000 0.0000000000 0.0000000000 1.0000000000
20230803 18 05 03.712 0.9983118885 0.0440964031 0.0378005365 20.2362962618 -0.0252979606 0.9159810242 -0.4004232468 -25.2232159736 -0.0522817990 0.3987910112 0.9155502951 146.8094868697 0.0000000000 0.0000000000 0.0000000000 1.0000000000
20230803 18 05 03.771 0.9981692302 0.0440807827 0.0414134342 20.0193476117 -0.0241097011 0.9179484696 -0.3959663236 -24.9302751358 -0.0554699040 0.3942429349 0.9173306918 146.9489252731 0.0000000000 0.0000000000 0.0000000000 1.0000000000
20230803 18 05 03.828 0.9982445223 0.0433956961 0.0403074095 19.8485388087 -0.0239999695 0.9185575894 -0.3945579254 -24.7330501287 -0.0541467927 0.3928979111 0.9179865774 146.9825862580 0.0000000000 0.0000000000 0.0000000000 1.0000000000
20230803 18 05 03.885 0.9983297874 0.0440573700 0.0373708956 19.6646735162 -0.0256877891 0.9179209043 -0.3959309926 -24.5772567764 -0.0517472045 0.3943097280 0.9175195176 146.9542262689 0.0000000000 0.0000000000 0.0000000000 1.0000000000
20230803 18 05 03.942 0.9984070888 0.0440304087 0.0352790053 19.5675879709 -0.0263453784 0.9167536335 -0.3985833621 -24.5153602870 -0.0498919446 0.3970190154 0.9164533241 146.9234551440 0.0000000000 0.0000000000 0.0000000000 1.0000000000
20230803 18 04 08.768 0.9978955659 0.0486491437 -0.0428684082 13.6021612870 -0.0633910289 0.8710086621 -0.4871606389 -34.3464869380 0.0136388070 0.4888529139 0.8722596010 146.2303350455 0.0000000000 0.0000000000 0.0000000000 1.0000000000
20230803 18 05 03.999 0.9982153353 0.0453645696 0.0388355531 19.5261858104 -0.0261082520 0.9164068814 -0.3993955270 -24.5094650366 -0.0537075743 0.3976688115 0.9159557920 146.9591289106 0.0000000000 0.0000000000 0.0000000000 1.0000000000
20230803 18 05 04.056 0.9982275354 0.0462998808 0.0373912902 19.5247209955 -0.0274594388 0.9157380104 -0.4008364697 -24.6955426318 -0.0527993064 0.3990992574 0.9153862660 146.9300520366 0.0000000000 0.0000000000 0.0000000000 1.0000000000
20230803 18 05 04.114 0.9981675549 0.0468963637 0.0382395524 19.6352285721 -0.0276412374 0.9155378092 -0.4012810511 -24.8099809791 -0.0538283781 0.3994887371 0.9151564099 146.9692690951 0.0000000000 0.0000000000 0.0000000000 1.0000000000
20230803 18 05 04.170 0.9984206178 0.0477679718 0.0295717920 19.6645480528 -0.0318356470 0.9147506151 -0.4027627140 -25.0088054091 -0.0462899729 0.4011851606 0.9148265985 147.0279538025 0.0000000000 0.0000000000 0.0000000000 1.0000000000
20230803 18 05 04.227 0.9986202357 0.0453914454 0.0264053320 19.6825463035 -0.0311054045 0.9164273433 -0.3989904487 -25.1249418607 -0.0423093214 0.3976185874 0.9165748089 146.9810262662 0.0000000000 0.0000000000 0.0000000000 1.0000000000
20230803 18 05 04.284 0.9980802021 0.0472529373 0.0400383579 19.7193508920 -0.0272215020 0.9153586164 -0.4017183007 -25.2220129673 -0.0556318255 0.3998571785 0.9148876088 147.0515031302 0.0000000000 0.0000000000 0.0000000000 1.0000000000
20230803 18 05 04.341 0.9983841876 0.0468096562 0.0322159895 19.7201647222 -0.0300267698 0.9159063462 -0.4002673583 -25.2252519917 -0.0482432067 0.3986532593 0.9158319561 147.0542594642 0.0000000000 0.0000000000 0.0000000000 1.0000000000
20230803 18 05 04.398 0.9982498770 0.0474285689 0.0353229951 19.7080849109 -0.0292782541 0.9153402325 -0.4016155408 -25.2275803929 -0.0513806088 0.3998784685 0.9151269002 147.0156649859 0.0000000000 0.0000000000 0.0000000000 1.0000000000
20230803 18 05 04.455 0.9983278141 0.0477839295 0.0325310889 19.7276420080 -0.0305632178 0.9139869744 -0.4045907814 -25.1708695819 -0.0490659289 0.4029199757 0.9139190488 147.0864987247 0.0000000000 0.0000000000 0.0000000000 1.0000000000
20230803 18 05 04.511 0.9984818157 0.0460666676 0.0301981110 19.6809841983 -0.0298829388 0.9135722762 -0.4055770040 -25.2208486911 -0.0462717381 0.4040588550 0.9135619125 147.0970907944 0.0000000000 0.0000000000 0.0000000000 1.0000000000
20230803 18 04 08.827 0.9978486999 0.0492997420 -0.0432146688 13.6058906837 -0.0641133213 0.8714899086 -0.4862045056 -34.3491196177 0.0136913911 0.4879291697 0.8727758424 146.2262679382 0.0000000000 0.0000000000 0.0000000000 1.0000000000
20230803 18 05 04.568 0.9986911012 0.0443212263 0.0255286761 19.6857304053 -0.0303316420 0.9150831371 -0.4021229212 -25.1263167118 -0.0411834420 0.4008222563 0.9152297214 147.0058285231 0.0000000000 0.0000000000 0.0000000000 1.0000000000
20230803 18 05 04.625 0.9984947271 0.0466582889 0.0288319966 19.6791712951 -0.0311456951 0.9150369217 -0.4021658584 -25.0650424060 -0.0451467122 0.4006624965 0.9151127462 147.1346414657 0.0000000000 0.0000000000 0.0000000000 1.0000000000
20230803 18 05 04.682 0.9985241334 0.0470750491 0.0270831083 19.6079344562 -0.0319608305 0.9125267547 -0.4077663881 -24.8764095163 -0.0439096837 0.4062989807 0.9126845446 146.9522028187 0.0000000000 0.0000000000 0.0000000000 1.0000000000
20230803 18 05 04.738 0.9984965122 0.0451436307 0.0310928876 19.5110167528 -0.0287857052 0.9145556964 -0.4034343335 -24.6698414023 -0.0466486680 0.4019327442 0.9144801643 146.9105129797 0.0000000000 0.0000000000 0.0000000000 1.0000000000
20230803 18 05 04.795 0.9981449285 0.0470071077 0.0386915173 19.4295394394 -0.0276970451 0.9165328016 -0.3989993700 -24.5443855322 -0.0542178511 0.3971875570 0.9161345257 147.2331653515 0.0000000000 0.0000000000 0.0000000000 1.0000000000
20230803 18 05 04.852 0.9986512681 0.0447095402 0.0263951098 19.3701648537 -0.0305409448 0.9169892962 -0.3977409726 -24.4020794503 -0.0419868492 0.3963983951 0.9171179951 147.2658705052 0.0000000000 0.0000000000 0.0000000000 1.0000000000
20230803 18 05 04.909 0.9984436398 0.0461514595 0.0313103951 19.3364102760 -0.0298692824 0.9166292171 -0.3986210034 -24.3625189865 -0.0470969640 0.3970653866 0.9165811229 147.1549961287 0.0000000000 0.0000000000 0.0000000000 1.0000000000
20230803 18 05 04.966 0.9981537532 0.0478502787 0.0374090344 19.3052724763 -0.0290955160 0.9173378218 -0.3970450498 -24.3627474901 -0.0533154384 0.3952235715 0.9170364183 147.0672784103 0.0000000000 0.0000000000 0.0000000000 1.0000000000
20230803 18 05 05.023 0.9981482029 0.0475135656 0.0379819174 19.2949948638 -0.0287005902 0.9183930856 -0.3946269332 -24.3518776413 -0.0536324630 0.3928060608 0.9180560754 147.0940483516 0.0000000000 0.0000000000 0.0000000000 1.0000000000
20230803 18 05 05.081 0.9770431595 -0.0159924588 0.2124403579 19.1942774298 -0.0025054882 0.9962469354 0.0865203223 -24.2784414847 -0.2130267282 -0.0850663558 0.9733361846 146.9840045581 0.0000000000 0.0000000000 0.0000000000 1.0000000000
20230803 18 04 08.884 0.9978599733 0.0487535477 -0.0435725282 13.6118124484 -0.0637939078 0.8720951620 -0.4851601444 -34.4046384083 0.0143461128 0.4869015506 0.8733390345 146.3089908414 0.0000000000 0.0000000000 0.0000000000 1.0000000000
20230803 18 05 05.138 0.9986043312 0.0446894931 0.0281467373 19.0776664168 -0.0299246715 0.9178961195 -0.3956908236 -24.1333617100 -0.0435190033 0.3942962884 0.9179523589 146.8505606948 0.0000000000 0.0000000000 0.0000000000 1.0000000000
20230803 18 05 05.195 0.9985711772 0.0461669621 0.0269112558 18.9102375495 -0.0317774594 0.9178982218 -0.3955414612 -24.0190629106 -0.0429627415 0.3941211312 0.9180537766 146.7127066884 0.0000000000 0.0000000000 0.0000000000 1.0000000000
20230803 18 05 05.254 0.9987384890 0.0439993022 0.0241969427 18.7901035854 -0.0310620229 0.9199690425 -0.3907583801 -23.9250681106 -0.0394535342 0.3895138281 0.9201751987 146.6004513442 0.0000000000 0.0000000000 0.0000000000 1.0000000000
20230803 18 05 05.311 0.9984192065 0.0459719654 0.0323367681 18.7205149106 -0.0296327135 0.9194157636 -0.3921690400 -23.8664569808 -0.0477597159 0.3905908755 0.9193246312 146.5191065345 0.0000000000 0.0000000000 0.0000000000 1.0000000000
20230803 18 05 05.430 0.9985366052 0.0449667809 0.0300439119 18.6962512942 -0.0295708353 0.9191281274 -0.3928473636 -24.0574539264 -0.0452792858 0.3913840492 0.9191127854 146.5604748988 0.0000000000 0.0000000000 0.0000000000 1.0000000000
20230803 18 05 05.489 0.9983269432 0.0465249503 0.0343328330 18.6949042057 -0.0289476475 0.9161601496 -0.3997656990 -24.2655994891 -0.0500534527 0.3981030135 0.9159741495 146.4405604903 0.0000000000 0.0000000000 0.0000000000 1.0000000000
20230803 18 05 05.547 0.9987139830 0.0450561736 0.0232448146 18.7293806138 -0.0318852704 0.9146602196 -0.4029640335 -24.4567624042 -0.0394171247 0.4017046477 0.9149205792 146.4240840752 0.0000000000 0.0000000000 0.0000000000 1.0000000000
20230803 18 05 05.604 0.9987849441 0.0427469704 0.0245220690 18.6865729374 -0.0295059234 0.9172601773 -0.3971941182 -24.6068404216 -0.0394719625 0.3959879589 0.9174069438 146.5002898170 0.0000000000 0.0000000000 0.0000000000 1.0000000000
20230803 18 05 05.662 0.9985657218 0.0449560164 0.0290767249 18.6704588737 -0.0296222039 0.9162967330 -0.3994030823 -24.5862426332 -0.0445984796 0.3979689105 0.9163142048 146.5098074341 0.0000000000 0.0000000000 0.0000000000 1.0000000000
20230803 18 05 05.720 0.9986204526 0.0457927780 0.0256946125 18.6500452842 -0.0318534715 0.9173241228 -0.3968649771 -24.5702831590 -0.0417438377 0.3954990205 0.9175172896 146.6521528810 0.0000000000 0.0000000000 0.0000000000 1.0000000000
20230803 18 04 08.942 0.9978553570 0.0485453469 -0.0439094043 13.6072903386 -0.0637771402 0.8720619422 -0.4852220578 -34.4832493992 0.0147364473 0.4869818459 0.8732877641 146.3434229530 0.0000000000 0.0000000000 0.0000000000 1.0000000000
20230803 18 05 05.777 0.9986854539 0.0448628733 0.0247928758 18.6254791895 -0.0312146223 0.9159548081 -0.4000655406 -24.5715469843 -0.0406572434 0.3987657358 0.9161511210 146.5243243472 0.0000000000 0.0000000000 0.0000000000 1.0000000000
20230803 18 05 05.835 0.9987736895 0.0442328895 0.0222388989 18.5964908340 -0.0317174903 0.9165783942 -0.3985950929 -24.7019896744 -0.0380147070 0.3974009295 0.9168573408 146.5936798427 0.0000000000 0.0000000000 0.0000000000 1.0000000000
20230803 18 05 05.893 0.9987475113 0.0442052549 0.0234372356 18.5498301629 -0.0311503751 0.9159332629 -0.4001198721 -24.8698172329 -0.0391543446 0.3988886479 0.9161630771 146.5864325034 0.0000000000 0.0000000000 0.0000000000 1.0000000000
20230803 18 05 05.951 0.9986543818 0.0449703957 0.0258280697 18.5718311145 -0.0306521389 0.9135817222 -0.4054983147 -25.1344192569 -0.0418314721 0.4041609832 0.9137308288 146.6271285841 0.0000000000 0.0000000000 0.0000000000 1.0000000000
20230803 18 05 06.009 0.9987763351 0.0447550267 0.0210432893 18.5328359426 -0.0324536112 0.9141950001 -0.4039730993 -25.3794956333 -0.0373174967 0.4027958408 0.9145287940 146.8902126975 0.0000000000 0.0000000000 0.0000000000 1.0000000000
20230803 18 05 06.067 0.9988227014 0.0437884957 0.0208753155 18.4798549097 -0.0318574119 0.9166315798 -0.3984616069 -25.5865259841 -0.0365830078 0.3973274651 0.9169474189 147.1526107330 0.0000000000 0.0000000000 0.0000000000 1.0000000000
20230803 18 05 06.125 0.9986295172 0.0442183351 0.0279968970 18.4710613058 -0.0292410681 0.9150645694 -0.4022459368 -25.6792672279 -0.0434056141 0.4008760065 0.9151034805 147.1667760257 0.0000000000 0.0000000000 0.0000000000 1.0000000000
20230803 18 05 06.183 0.9987484913 0.0449675987 0.0218944339 18.4428266726 -0.0322781236 0.9139159982 -0.4046179322 -25.8219108303 -0.0382043702 0.4034048381 0.9142236940 147.3082482391 0.0000000000 0.0000000000 0.0000000000 1.0000000000
20230803 18 05 06.241 0.9986357456 0.0448116055 0.0268061117 18.4013991052 -0.0302944013 0.9153301989 -0.4015630414 -25.9559050883 -0.0425311282 0.4002031321 0.9154389964 147.5815857665 0.0000000000 0.0000000000 0.0000000000 1.0000000000
20230803 18 05 06.299 0.9988786930 0.0427685644 0.0203028704 18.1580986959 -0.0309122030 0.9140032881 -0.4045274096 -26.0323595688 -0.0358579469 0.4034462038 0.9143004803 147.6107484528 0.0000000000 0.0000000000 0.0000000000 1.0000000000
20230803 18 04 09.000 0.9976639119 0.0477978445 -0.0488066084 13.5699374913 -0.0655871509 0.8700131560 -0.4886465328 -34.5195003775 0.0191061404 0.4907060978 0.8711156530 146.2354717870 0.0000000000 0.0000000000 0.0000000000 1.0000000000
20230803 18 05 06.356 0.9989567933 0.0418573358 0.0182561919 17.7943671878 -0.0309016268 0.9139646866 -0.4046154236 -26.0198735537 -0.0336216384 0.4036291801 0.9143046923 147.8615244608 0.0000000000 0.0000000000 0.0000000000 1.0000000000
20230803 18 05 06.413 0.9786995661 -0.0121494750 0.2049379164 17.4087341812 -0.0023327424 0.9975247757 0.0702771675 -25.6413913609 -0.2052844797 -0.0692583007 0.9762487235 148.0989742630 0.0000000000 0.0000000000 0.0000000000 1.0000000000
20230803 18 05 06.470 0.9991644015 0.0402626010 0.0070300618 16.8186712753 -0.0340693147 0.9154750703 -0.4009297663 -24.9660412007 -0.0225783215 0.4003552406 0.9160818199 147.8159394400 0.0000000000 0.0000000000 0.0000000000 1.0000000000
20230803 18 05 06.557 0.9991668863 0.0408109458 0.0000001871 16.4501352510 -0.0374480521 0.9168355998 -0.3975048760 -25.2556381119 -0.0162227215 0.3971737022 0.9176000619 148.4002755981 0.0000000000 0.0000000000 0.0000000000 1.0000000000
20230803 18 05 06.614 0.9991815287 0.0401145952 -0.0052049914 16.3631287036 -0.0388324202 0.9151967780 -0.4011320239 -25.7437688252 -0.0113276573 0.4010058313 0.9160054626 148.4891074994 0.0000000000 0.0000000000 0.0000000000 1.0000000000
20230803 18 05 06.671 0.9992440941 0.0386335628 0.0043229800 16.0466659692 -0.0336894992 0.9160792993 -0.3995794478 -25.7760764170 -0.0193973702 0.3991317643 0.9166883749 149.1675018921 0.0000000000 0.0000000000 0.0000000000 1.0000000000
20230803 18 05 06.728 0.9992787009 0.0351230537 -0.0144377652 15.3039939438 -0.0379610119 0.9136985179 -0.4046158424 -25.7640218207 -0.0010195793 0.4048720655 0.9143727747 149.4473522492 0.0000000000 0.0000000000 0.0000000000 1.0000000000
20230803 18 05 06.784 0.9992456545 0.0333897178 -0.0198304996 15.1735179490 -0.0385808637 0.9118048287 -0.4088073768 -26.3879429907 0.0044315823 0.4092640726 0.9124052170 149.9260920278 0.0000000000 0.0000000000 0.0000000000 1.0000000000
20230803 18 05 06.841 0.9765953102 -0.0135518554 0.2146577444 14.9817739802 -0.0017050586 0.9974939397 0.0707314147 -26.8303230196 -0.2150783411 -0.0694419719 0.9741247968 150.5045633940 0.0000000000 0.0000000000 0.0000000000 1.0000000000
20230803 18 05 06.897 0.9992078723 0.0382994745 -0.0108063964 15.0889747248 -0.0393390941 0.9096691593 -0.4134663908 -27.8820785486 -0.0060053000 0.4135639864 0.9104552518 151.0867172449 0.0000000000 0.0000000000 0.0000000000 1.0000000000
20230803 18 04 09.058 0.9976881953 0.0493802724 -0.0466889036 13.5901638284 -0.0659337783 0.8697855430 -0.4890049551 -34.5273358711 0.0164621355 0.4909528470 0.8710305966 146.2373882244 0.0000000000 0.0000000000 0.0000000000 1.0000000000
20230803 18 05 06.954 0.9989202212 0.0352520842 -0.0302602420 15.1834470106 -0.0447662862 0.9045499268 -0.4240110959 -28.4596960295 0.0124246249 0.4249078964 0.9051513179 150.9635265561 0.0000000000 0.0000000000 0.0000000000 1.0000000000
20230803 18 05 07.011 0.9989812228 0.0365973304 -0.0264036345 15.4572699022 -0.0443986967 0.9018029602 -0.4298606479 -29.0936062129 0.0080791236 0.4305950026 0.9025090977 151.1329549000 0.0000000000 0.0000000000 0.0000000000 1.0000000000
20230803 18 05 07.068 0.9991460943 0.0367001769 -0.0189783898 15.4681179027 -0.0412837311 0.9051803173 -0.4230180217 -28.6557821334 0.0016540287 0.4234403029 0.9059224989 151.1870619770 0.0000000000 0.0000000000 0.0000000000 1.0000000000
20230803 18 05 07.124 0.9991131460 0.0396827691 -0.0140783287 15.3683689197 -0.0419441616 0.9086974319 -0.4153428277 -27.8689935404 -0.0036890124 0.4155649829 0.9095560105 151.1340601226 0.0000000000 0.0000000000 0.0000000000 1.0000000000
20230803 18 05 07.182 0.9990449188 0.0405889973 -0.0161797248 15.7514219602 -0.0436338359 0.9071510658 -0.4185367752 -28.1872635279 -0.0023105334 0.4188430220 0.9080557165 150.9335733295 0.0000000000 0.0000000000 0.0000000000 1.0000000000
20230803 18 05 07.238 0.9990952284 0.0392067280 -0.0164789870 15.9459774699 -0.0425034620 0.9070378492 -0.4188983120 -28.1913581025 -0.0014765673 0.4192197187 0.9078836089 151.0364558347 0.0000000000 0.0000000000 0.0000000000 1.0000000000
20230803 18 05 07.296 0.9992006321 0.0350817752 -0.0191667911 15.6207973508 -0.0398884030 0.9066984371 -0.4198891037 -27.8831000696 0.0026480444 0.4203179905 0.9073730075 151.0223841753 0.0000000000 0.0000000000 0.0000000000 1.0000000000
20230803 18 05 07.415 0.9990268369 0.0376742014 -0.0229354229 15.1513846286 -0.0438247559 0.9065605580 -0.4197944086 -28.9341884998 0.0049769307 0.4203910195 0.9073293894 151.5019902029 0.0000000000 0.0000000000 0.0000000000 1.0000000000
20230803 18 05 07.472 0.9773370693 -0.0117011358 0.2113654095 15.6126136793 -0.0027394636 0.9976884494 0.0678988460 -30.3760537402 -0.2116713213 -0.0669390870 0.9750458504 151.5079808138 0.0000000000 0.0000000000 0.0000000000 1.0000000000
20230803 18 05 07.529 0.9992400502 0.0386131157 -0.0053244072 17.1299983567 -0.0371130325 0.9007474715 -0.4327546827 -28.8462611238 -0.0119140603 0.4326234158 0.9014959985 150.7587104861 0.0000000000 0.0000000000 0.0000000000 1.0000000000
20230803 18 04 09.116 0.9978113149 0.0496010568 -0.0437300251 13.5846450662 -0.0646414477 0.8709856808 -0.4870373980 -34.5605597768 0.0139306560 0.4887981987 0.8722856515 146.4204961815 0.0000000000 0.0000000000 0.0000000000 1.0000000000
20230803 18 05 07.584 0.9993495904 0.0360538635 -0.0007177644 17.5052668825 -0.0330520246 0.9078212619 -0.4180527719 -27.5818757464 -0.0144208157 0.4178045899 0.9084224594 150.7360945698 0.0000000000 0.0000000000 0.0000000000 1.0000000000
20230803 18 05 07.640 0.9992212948 0.0389401198 0.0063616836 17.7614311980 -0.0328091245 0.9095730411 -0.4142468397 -27.1017421555 -0.0219172375 0.4137155423 0.9101423431 150.3854418545 0.0000000000 0.0000000000 0.0000000000 1.0000000000
20230803 18 05 07.697 0.9992950133 0.0371735026 0.0052542541 17.9711236878 -0.0314897380 0.9061277512 -0.4218304102 -27.6587418572 -0.0204419393 0.4213675703 0.9066595270 150.4055818622 0.0000000000 0.0000000000 0.0000000000 1.0000000000
20230803 18 05 07.753 0.9988097402 0.0420874905 0.0246525046 18.3831191361 -0.0274653826 0.9029759501 -0.4288124140 -28.7706949728 -0.0403082571 0.4276249253 0.9030571231 150.6956322294 0.0000000000 0.0000000000 0.0000000000 1.0000000000
20230803 18 05 07.809 0.9760371096 -0.0191939077 0.2167559793 18.7074782725 0.0037586092 0.9974407255 0.0713993829 -28.8359265649 -0.2175716744 -0.0688737463 0.9736113052 150.5746064275 0.0000000000 0.0000000000 0.0000000000 1.0000000000
20230803 18 05 07.866 0.9986279095 0.0458763037 0.0252519931 18.9471583754 -0.0303267218 0.8997640641 -0.4353216270 -29.1175164481 -0.0426917831 0.4339585161 0.8999207843 150.4823011900 0.0000000000 0.0000000000 0.0000000000 1.0000000000
20230803 18 05 07.923 0.9988654681 0.0431593704 0.0201257405 19.2317500988 -0.0300751037 0.8994011069 -0.4360884509 -29.9184046642 -0.0369224163 0.4349884109 0.8996787302 150.3285561094 0.0000000000 0.0000000000 0.0000000000 1.0000000000
20230803 18 05 07.979 0.9990175715 0.0413971307 0.0158167424 19.1230498455 -0.0300113254 0.8946000499 -0.4458588016 -29.8408365066 -0.0326069336 0.4449460958 0.8949635521 149.7238718754 0.0000000000 0.0000000000 0.0000000000 1.0000000000
20230803 18 05 08.036 0.9989187045 0.0432010400 0.0171782431 18.7050328701 -0.0316024741 0.9019688748 -0.4306430454 -29.1558592859 -0.0340984680 0.4296345180 0.9023588396 149.7368814030 0.0000000000 0.0000000000 0.0000000000 1.0000000000
20230803 18 05 08.091 0.9987968584 0.0457869664 0.0175610178 18.3226004027 -0.0337759511 0.9019268243 -0.4305661259 -28.4543324562 -0.0355530697 0.4294549538 0.9023881769 149.5098218778 0.0000000000 0.0000000000 0.0000000000 1.0000000000
20230803 18 04 09.174 0.9976268815 0.0478865338 -0.0494720641 13.5651822171 -0.0660470089 0.8685831060 -0.4911223683 -34.4848296138 0.0194524512 0.4932243586 0.8696846177 146.1395469604 0.0000000000 0.0000000000 0.0000000000 1.0000000000
20230803 18 05 08.148 0.9990146058 0.0426082052 0.0124241006 18.4737554175 -0.0333668937 0.9056167630 -0.4227823659 -28.0168687987 -0.0292654716 0.4219512050 0.9061460770 149.4349822766 0.0000000000 0.0000000000 0.0000000000 1.0000000000
20230803 18 05 08.205 0.9991752547 0.0405628486 0.0018616208 17.8629488656 -0.0360758073 0.9078218834 -0.4178013454 -27.5666605075 -0.0186372328 0.4173896062 0.9085364991 149.5495912228 0.0000000000 0.0000000000 0.0000000000 1.0000000000
20230803 18 05 08.261 0.9992519501 0.0377719074 0.0082959740 17.7923317592 -0.0310602434 0.9116833237 -0.4097179257 -27.0483602104 -0.0230391287 0.4091537613 0.9121745437 149.4352245924 0.0000000000 0.0000000000 0.0000000000 1.0000000000
20230803 18 05 08.317 0.9992166297 0.0383019947 0.0099541014 17.6532768012 -0.0309766255 0.9135238049 -0.4056041255 -26.7875738244 -0.0246287556 0.4049780428 0.9139946440 149.5256363306 0.0000000000 0.0000000000 0.0000000000 1.0000000000
20230803 18 05 08.374 0.9992379163 0.0386179734 0.0056779191 17.3865657396 -0.0329965746 0.9134279675 -0.4056606640 -26.6444586158 -0.0208521628 0.4051641648 0.9140061197 149.5019824380 0.0000000000 0.0000000000 0.0000000000 1.0000000000
20230803 18 05 08.430 0.9992677193 0.0382605632 -0.0003929958 17.2081217734 -0.0350450295 0.9110670219 -0.4107660253 -26.2986775418 -0.0153580940 0.4104790018 0.9117407077 149.2114518010 0.0000000000 0.0000000000 0.0000000000 1.0000000000
20230803 18 05 08.487 0.9992447917 0.0388126619 -0.0018502686 17.2790265817 -0.0361623620 0.9114781542 -0.4097558516 -26.6086481756 -0.0142172359 0.4095133107 0.9121933559 149.2982885304 0.0000000000 0.0000000000 0.0000000000 1.0000000000
20230803 18 05 08.544 0.9991186043 0.0408758601 0.0095487506 17.3067258310 -0.0333238671 0.9107045277 -0.4117120149 -27.0487930583 -0.0255251732 0.4110309324 0.9112639783 149.4309976846 0.0000000000 0.0000000000 0.0000000000 1.0000000000
20230803 18 05 08.601 0.9756937186 -0.0146697705 0.2186471250 17.3345376630 -0.0012278342 0.9973751852 0.0723963563 -27.4842197011 -0.2191352547 -0.0709051325 0.9731146912 149.1805574596 0.0000000000 0.0000000000 0.0000000000 1.0000000000
20230803 18 05 08.657 0.9990636080 0.0421186405 0.0098958210 17.3147859258 -0.0341955415 0.9088166851 -0.4157918925 -27.6480434273 -0.0265060765 0.4150641553 0.9094059461 149.3658204215 0.0000000000 0.0000000000 0.0000000000 1.0000000000
20230803 18 04 09.232 0.9976887163 0.0482716243 -0.0478233804 13.5547190297 -0.0654796733 0.8710388294 -0.4868303299 -34.5196853056 0.0181559305 0.4888365862 0.8721864217 146.2523917772 0.0000000000 0.0000000000 0.0000000000 1.0000000000
20230803 18 05 08.715 0.9991012876 0.0419700241 0.0059274038 17.3772668319 -0.0357755542 0.9099830072 -0.4130993057 -27.7704821811 -0.0227316246 0.4125159921 0.9106666951 149.3411156611 0.0000000000 0.0000000000 0.0000000000 1.0000000000
20230803 18 05 08.771 0.9989995925 0.0437688036 0.0091709320 17.3355153497 -0.0359092372 0.9073631627 -0.4188109570 -28.0852124571 -0.0266522204 0.4180626542 0.9080271341 149.4127492403 0.0000000000 0.0000000000 0.0000000000 1.0000000000
20230803 18 05 08.828 0.9989438011 0.0459271766 -0.0014059429 17.5788569442 -0.0420854042 0.9022451486 -0.4291648991 -28.3530696727 -0.0184418269 0.4287707853 0.9032250621 149.2546396725 0.0000000000 0.0000000000 0.0000000000 1.0000000000
20230803 18 05 08.885 0.9989679772 0.0454146443 0.0007003886 17.5154679533 -0.0408901034 0.9059426373 -0.4214213300 -28.1980153309 -0.0197732117 0.4209577746 0.9068646934 149.2967982538 0.0000000000 0.0000000000 0.0000000000 1.0000000000
20230803 18 05 08.942 0.9990027757 0.0444316238 0.0043914722 17.3680438882 -0.0384700995 0.9065159853 -0.4204150567 -28.0813021569 -0.0226606634 0.4198268682 0.9073212745 149.3777745760 0.0000000000 0.0000000000 0.0000000000 1.0000000000
20230803 18 05 08.999 0.9774143904 -0.0127788190 0.2109450432 17.2554254508 -0.0018407508 0.9976174720 0.0689636943 -28.0878885299 -0.2113237353 -0.0677944044 0.9750621507 149.3798625113 0.0000000000 0.0000000000 0.0000000000 1.0000000000
20230803 18 05 09.056 0.9990516947 0.0428623849 0.0076503091 17.2100180061 -0.0356643166 0.9064023412 -0.4209071778 -28.2148400757 -0.0249753435 0.4202351862 0.9070714528 149.5633345512 0.0000000000 0.0000000000 0.0000000000 1.0000000000
20230803 18 05 09.114 0.9991811199 0.0404505283 0.0009189117 17.1533042285 -0.0362238687 0.9044334590 -0.4250740520 -28.2825893927 -0.0180255645 0.4246926808 0.9051581110 149.5178548947 0.0000000000 0.0000000000 0.0000000000 1.0000000000
20230803 18 05 09.171 0.9991541403 0.0409540656 0.0037105894 17.1555066353 -0.0354898076 0.9043733926 -0.4252637303 -28.5459875498 -0.0207720370 0.4247723288 0.9050618715 149.5219115565 0.0000000000 0.0000000000 0.0000000000 1.0000000000
20230803 18 05 09.228 0.9991979920 0.0400294385 -0.0010083841 17.1110684170 -0.0365941535 0.9026452515 -0.4288267923 -28.6505737325 -0.0162554826 0.4285197708 0.9033861662 149.4669003610 0.0000000000 0.0000000000 0.0000000000 1.0000000000
20230803 18 04 09.289 0.9976726830 0.0486668411 -0.0477572622 13.5476158283 -0.0658556742 0.8692698962 -0.4899315031 -34.5565233638 0.0176705317 0.4919363639 0.8704518173 146.2068687367 0.0000000000 0.0000000000 0.0000000000 1.0000000000
20230803 18 05 09.284 0.9992080698 0.0394743349 -0.0050010185 17.1092592628 -0.0377749189 0.9015970192 -0.4309244371 -28.7601803985 -0.0125015522 0.4307720881 0.9023741570 149.4507520571 0.0000000000 0.0000000000 0.0000000000 1.0000000000
20230803 18 05 09.418 0.9991840218 0.0396197650 -0.0078463266 17.1632914776 -0.0391370960 0.9017642877 -0.4304526189 -28.6867440213 -0.0099788945 0.4304084614 0.9025790702 149.3878761396 0.0000000000 0.0000000000 0.0000000000 1.0000000000
20230803 18 05 09.477 0.9991611123 0.0406582141 -0.0048970741 17.1969704812 -0.0387765416 0.9008364951 -0.4324233907 -28.7472384463 -0.0131700997 0.4322505277 0.9016573794 149.4215234960 0.0000000000 0.0000000000 0.0000000000 1.0000000000
20230803 18 05 09.538 0.9991392542 0.0414212342 0.0022432270 17.2524833607 -0.0364279340 0.9019924964 -0.4302122059 -28.8796288840 -0.0198432944 0.4297601864 0.9027250001 149.5996784014 0.0000000000 0.0000000000 0.0000000000 1.0000000000
20230803 18 05 09.595 0.9990102615 0.0435290933 0.0091496097 17.2870404239 -0.0353804515 0.9023048383 -0.4296442743 -29.1281898261 -0.0269577628 0.4288953216 0.9029518715 149.8918334020 0.0000000000 0.0000000000 0.0000000000 1.0000000000
20230803 18 05 09.655 0.9990278736 0.0436493913 0.0061675250 17.2726682948 -0.0367139190 0.9012851981 -0.4316677887 -29.2707670211 -0.0244007352 0.4310217191 0.9020115752 149.8889446158 0.0000000000 0.0000000000 0.0000000000 1.0000000000
20230803 18 05 09.729 0.9991127011 0.0399810218 -0.0132411634 17.2351854907 -0.0417186206 0.8963676629 -0.4413440490 -29.5348251691 -0.0057764354 0.4415048480 0.8972402699 149.6528247542 0.0000000000 0.0000000000 0.0000000000 1.0000000000
20230803 18 05 09.788 0.9990768855 0.0406941438 -0.0137609419 17.2209453574 -0.0425902293 0.8965118147 -0.4409678429 -29.6456492954 -0.0056079618 0.4411468608 0.8974174046 149.6894909167 0.0000000000 0.0000000000 0.0000000000 1.0000000000
20230803 18 05 09.845 0.9991294781 0.0416450746 -0.0024441341 17.2070610078 -0.0383894187 0.8949307728 -0.4445505195 -29.7349769637 -0.0163260087 0.4442573574 0.8957504462 149.8205046041 0.0000000000 0.0000000000 0.0000000000 1.0000000000
20230803 18 05 09.904 0.9991049788 0.0422005705 -0.0028901988 17.1850379005 -0.0391654788 0.8971096540 -0.4400685561 -29.7220600293 -0.0159783189 0.4397878814 0.8979595273 149.8212650523 0.0000000000 0.0000000000 0.0000000000 1.0000000000
20230803 18 04 09.410 0.9976800809 0.0494008811 -0.0468402504 13.5336132052 -0.0661492199 0.8660537374 -0.4955554507 -34.6556121846 0.0160852980 0.4975042482 0.8673123925 146.1365124528 0.0000000000 0.0000000000 0.0000000000 1.0000000000
20230803 18 05 09.961 0.9990877270 0.0411019339 -0.0115907230 17.1464891233 -0.0420299891 0.8983213956 -0.4373238505 -29.6270881384 -0.0075626616 0.4374120497 0.8992293951 149.8219172426 0.0000000000 0.0000000000 0.0000000000 1.0000000000
20230803 18 05 10.020 0.9991277921 0.0397175489 -0.0128907451 17.0813804747 -0.0413418097 0.8974461567 -0.4391824799 -29.4782126046 -0.0058745020 0.4393323483 0.8983053924 149.7589445454 0.0000000000 0.0000000000 0.0000000000 1.0000000000
20230803 18 05 10.078 0.9991335882 0.0396831785 -0.0125426579 17.1171515103 -0.0411649804 0.8979508907 -0.4381662268 -29.4611351882 -0.0061251377 0.4383029126 0.8988064527 149.8106966356 0.0000000000 0.0000000000 0.0000000000 1.0000000000
20230803 18 05 10.139 0.9990755073 0.0415929461 -0.0108700309 17.1507615297 -0.0421291958 0.8969157449 -0.4401900469 -29.4139337120 -0.0085592990 0.4402410401 0.8978388302 149.6680881792 0.0000000000 0.0000000000 0.0000000000 1.0000000000
20230803 18 05 10.197 0.9990704715 0.0404897409 -0.0147910091 17.1642107413 -0.0428452543 0.8949857182 -0.4440324858 -29.4878724395 -0.0047410184 0.4442534695 0.8958885966 149.4652935121 0.0000000000 0.0000000000 0.0000000000 1.0000000000
20230803 18 05 10.256 0.9989808917 0.0437053247 0.0112704313 17.2234674588 -0.0342645753 0.8968929222 -0.4409183881 -29.7281716889 -0.0293788514 0.4400828679 0.8974764356 149.7761960423 0.0000000000 0.0000000000 0.0000000000 1.0000000000
20230803 18 05 10.314 0.9991040565 0.0420401863 0.0048689763 17.1929806395 -0.0355849695 0.8967745947 -0.4410544595 -29.8513410995 -0.0229083859 0.4404860373 0.8974671341 149.8290244262 0.0000000000 0.0000000000 0.0000000000 1.0000000000
20230803 18 05 10.373 0.9991489805 0.0408714553 -0.0055532864 17.0816434564 -0.0391611769 0.8977139009 -0.4388349966 -29.5310608220 -0.0129505625 0.4386790127 0.8985505032 149.6671240512 0.0000000000 0.0000000000 0.0000000000 1.0000000000
20230803 18 05 10.430 0.9991871831 0.0397949733 -0.0064290879 16.9354808273 -0.0386286110 0.8996370612 -0.4349264173 -29.2737220376 -0.0115240394 0.4348212485 0.9004430456 149.6970353516 0.0000000000 0.0000000000 0.0000000000 1.0000000000
20230803 18 05 10.488 0.9991172046 0.0417184657 -0.0049377228 17.0008930555 -0.0396981250 0.8991462579 -0.4358440843 -29.3596719955 -0.0137430115 0.4356553415 0.9000086406 149.5908883481 0.0000000000 0.0000000000 0.0000000000 1.0000000000
20230803 18 04 09.470 0.9977368690 0.0492082104 -0.0458223991 13.5225343814 -0.0654470364 0.8670152726 -0.4939647786 -34.6740377988 0.0154215971 0.4958458118 0.8682736350 146.1208393164 0.0000000000 0.0000000000 0.0000000000 1.0000000000
20230803 18 05 10.546 0.9991484962 0.0409404267 -0.0051150811 17.0524180856 -0.0390253251 0.8975356415 -0.4392115621 -29.5210022799 -0.0133905412 0.4390371895 0.8983690999 149.3618920777 0.0000000000 0.0000000000 0.0000000000 1.0000000000
20230803 18 05 10.606 0.9992031497 0.0397858711 0.0031859069 17.0683644382 -0.0343077851 0.8969252350 -0.4408492924 -29.8246235982 -0.0203970934 0.4403887001 0.8975754851 149.3340337252 0.0000000000 0.0000000000 0.0000000000 1.0000000000
20230803 18 05 10.663 0.9992358254 0.0389798753 -0.0028869796 17.0572686582 -0.0362300231 0.8959597957 -0.4426549784 -29.9108777785 -0.0146680182 0.4424213080 0.8966873677 149.0747459699 0.0000000000 0.0000000000 0.0000000000 1.0000000000
20230803 18 05 10.721 0.9991074994 0.0416539570 0.0070108873 17.2256764269 -0.0341261985 0.8938082793 -0.4471489264 -30.2898966039 -0.0248919113 0.4465105908 0.8944320461 148.9335606733 0.0000000000 0.0000000000 0.0000000000 1.0000000000
20230803 18 05 10.778 0.9992181396 0.0395168230 0.0012370158 17.2167185187 -0.0347077811 0.8917417402 -0.4512117448 -30.7407419882 -0.0189335533 0.4508160261 0.8924160639 148.7756660594 0.0000000000 0.0000000000 0.0000000000 1.0000000000
20230803 18 05 10.835 0.9991795464 0.0404927340 0.0007566800 17.1919067614 -0.0357642283 0.8909601499 -0.4526708863 -31.0762952872 -0.0190040535 0.4522724287 0.8916773498 148.7606884120 0.0000000000 0.0000000000 0.0000000000 1.0000000000
20230803 18 05 10.892 0.9992377777 0.0389222023 0.0029876204 17.0946665019 -0.0330905041 0.8851484677 -0.4641305944 -31.3672789200 -0.0207094725 0.4636779619 0.8857617430 148.6322638787 0.0000000000 0.0000000000 0.0000000000 1.0000000000
20230803 18 05 10.950 0.9992092599 0.0397557401 -0.0005796652 16.9412194630 -0.0354881533 0.8851852413 -0.4638832607 -31.5624188552 -0.0179289113 0.4635370209 0.8858961476 148.6783102491 0.0000000000 0.0000000000 0.0000000000 1.0000000000
20230803 18 05 11.007 0.9765378226 -0.0177526682 0.2146129627 16.9068992852 0.0039213055 0.9978968832 0.0647026580 -31.1380055687 -0.2153102514 -0.0623430298 0.9745536631 148.9554123486 0.0000000000 0.0000000000 0.0000000000 1.0000000000
20230803 18 05 11.064 0.9991197502 0.0419308561 -0.0012361115 16.9640637825 -0.0380677385 0.8939033322 -0.4466404370 -30.4010191607 -0.0176230517 0.4462943379 0.8947126869 149.1033004933 0.0000000000 0.0000000000 0.0000000000 1.0000000000
20230803 18 04 09.528 0.9977037341 0.0487704805 -0.0469967991 13.5079400675 -0.0656922226 0.8657190287 -0.4962006602 -34.6924879309 0.0164860787 0.4981485758 0.8669349489 146.0805715326 0.0000000000 0.0000000000 0.0000000000 1.0000000000
20230803 18 05 11.121 0.9991382318 0.0414555764 -0.0020564197 17.1327215240 -0.0380596490 0.8952721813 -0.4438909602 -30.5356996006 -0.0165607002 0.4435866957 0.8960784489 149.4268505641 0.0000000000 0.0000000000 0.0000000000 1.0000000000
20230803 18 05 11.178 0.9990991027 0.0424150076 0.0013964853 17.1019770973 -0.0374832221 0.8974033710 -0.4396159663 -30.2899112483 -0.0198995252 0.4391675727 0.8981847538 149.6319376092 0.0000000000 0.0000000000 0.0000000000 1.0000000000
20230803 18 05 11.235 0.9991408446 0.0411285353 -0.0051006116 16.9607454559 -0.0393057599 0.9013785571 -0.4312444250 -29.6244218953 -0.0131388696 0.4310744024 0.9022207211 149.6475796073 0.0000000000 0.0000000000 0.0000000000 1.0000000000
20230803 18 05 11.292 0.9991166837 0.0416587761 -0.0055134954 16.9207642065 -0.0400050998 0.9027788017 -0.4282406184 -29.1282631338 -0.0128625133 0.4280829144 0.9036479260 149.6758406821 0.0000000000 0.0000000000 0.0000000000 1.0000000000
20230803 18 05 11.413 0.9990999526 0.0424077583 0.0009309667 16.9381480195 -0.0378244518 0.9006245659 -0.4329488447 -29.2697972031 -0.0191988414 0.4325239570 0.9014180113 149.8574226258 0.0000000000 0.0000000000 0.0000000000 1.0000000000
20230803 18 05 11.472 0.9991055492 0.0421903649 -0.0028415866 17.0123395004 -0.0392614035 0.9005889778 -0.4328949472 -29.4981782688 -0.0157048942 0.4326193087 0.9014398982 150.0281011560 0.0000000000 0.0000000000 0.0000000000 1.0000000000
20230803 18 05 11.529 0.9991482026 0.0408269437 -0.0060024938 17.0172230410 -0.0393984708 0.9005269232 -0.4330115716 -29.6707472731 -0.0122731318 0.4328792225 0.9013683758 150.0427932936 0.0000000000 0.0000000000 0.0000000000 1.0000000000
20230803 18 05 11.587 0.9991136491 0.0414505485 -0.0073326855 17.0403438175 -0.0404357507 0.8966639663 -0.4408612952 -29.7456034984 -0.0116989876 0.4407670400 0.8975452914 149.8888829046 0.0000000000 0.0000000000 0.0000000000 1.0000000000
20230803 18 05 11.644 0.9991016094 0.0413562456 -0.0092539216 17.0729018653 -0.0412008226 0.8967577487 -0.4405996282 -29.7475684410 -0.0099230206 0.4405850669 0.8976560213 149.9155030266 0.0000000000 0.0000000000 0.0000000000 1.0000000000
20230803 18 05 11.701 0.9990779184 0.0428988835 -0.0017317189 17.1092998176 -0.0393168747 0.8979624827 -0.4383121754 -29.7546559484 -0.0172480843 0.4379761016 0.8988211380 150.1011145096 0.0000000000 0.0000000000 0.0000000000 1.0000000000
20230803 18 04 09.586 0.9976491860 0.0485080040 -0.0484053221 13.4621385013 -0.0660831810 0.8679909556 -0.4921633004 -34.7076494999 0.0181415224 0.4942050937 0.8691560335 146.2593252951 0.0000000000 0.0000000000 0.0000000000 1.0000000000
20230803 18 05 11.759 0.9990583605 0.0433306016 0.0022025700 17.1242375199 -0.0380506330 0.8994502775 -0.4353634661 -29.6652049705 -0.0208456631 0.4348697014 0.9002520764 150.1624668315 0.0000000000 0.0000000000 0.0000000000 1.0000000000
20230803 18 05 11.818 0.9990657728 0.0427130291 -0.0065710475 17.0925567094 -0.0413513939 0.9006780086 -0.4325149558 -29.4677525149 -0.0125556259 0.4323826106 0.9016028141 150.0381074807 0.0000000000 0.0000000000 0.0000000000 1.0000000000
20230803 18 05 11.896 0.9990419290 0.0433725906 -0.0058345902 17.0625400229 -0.0415475689 0.8981099963 -0.4378038763 -29.2861776415 -0.0137485845 0.4376268421 0.8990515689 149.9150551231 0.0000000000 0.0000000000 0.0000000000 1.0000000000
20230803 18 05 11.957 0.9990755441 0.0424064268 -0.0070535137 17.0849182927 -0.0412637528 0.8999666726 -0.4340014873 -29.2306796371 -0.0120565250 0.4338913265 0.9008845414 149.9915916314 0.0000000000 0.0000000000 0.0000000000 1.0000000000
20230803 18 05 12.015 0.9989739117 0.0451747686 0.0032193280 17.1228561925 -0.0393278819 0.9005357843 -0.4329995600 -29.2483309708 -0.0224597750 0.4324286549 0.9013883830 150.1028717976 0.0000000000 0.0000000000 0.0000000000 1.0000000000
20230803 18 05 12.074 0.9990376234 0.0437961047 -0.0023933797 17.1161304333 -0.0405199069 0.9006615759 -0.4326278571 -29.2474807652 -0.0167917898 0.4323084857 0.9015694144 150.0991532284 0.0000000000 0.0000000000 0.0000000000 1.0000000000
20230803 18 05 12.132 0.9989993066 0.0447215590 -0.0006063500 17.1199750331 -0.0405557513 0.9000600266 -0.4338746128 -29.2382184148 -0.0188577976 0.4334650283 0.9009730588 150.0933163380 0.0000000000 0.0000000000 0.0000000000 1.0000000000
20230803 18 05 12.189 0.9990489480 0.0435216808 -0.0026576040 17.1357637961 -0.0404027794 0.9010898297 -0.4317461456 -29.2199767405 -0.0163955780 0.4314429072 0.9019912432 150.1300419014 0.0000000000 0.0000000000 0.0000000000 1.0000000000
20230803 18 05 12.247 0.9990865253 0.0421543408 -0.0070090277 17.1314834266 -0.0410889189 0.9025782825 -0.4285605497 -29.1411761099 -0.0117394913 0.4284570639 0.9034858764 150.1673158119 0.0000000000 0.0000000000 0.0000000000 1.0000000000
20230803 18 05 12.305 0.9990956664 0.0416345349 -0.0086264076 17.1224686656 -0.0412777168 0.9010994713 -0.4316432473 -29.0386987945 -0.0101980145 0.4316089763 0.9020031553 150.0141578987 0.0000000000 0.0000000000 0.0000000000 1.0000000000
20230803 18 04 09.645 0.9975045826 0.0465477115 -0.0530840672 13.4525196575 -0.0667593131 0.8665253213 -0.4946484222 -34.6987158663 0.0229739364 0.4969579238 0.8674704722 146.0792033313 0.0000000000 0.0000000000 0.0000000000 1.0000000000
20230803 18 05 12.364 0.9990390531 0.0425622853 -0.0104605130 17.1258828570 -0.0428752128 0.8995420590 -0.4347249707 -28.9710139012 -0.0090932168 0.4347557198 0.9005025139 149.9467750489 0.0000000000 0.0000000000 0.0000000000 1.0000000000
20230803 18 05 12.422 0.9990638648 0.0426107660 -0.0074643648 17.1402806142 -0.0416417780 0.9005293086 -0.4327966343 -28.9212903046 -0.0117199168 0.4327023075 0.9014606795 149.9819559654 0.0000000000 0.0000000000 0.0000000000 1.0000000000
