20230803 18 07 49.943 0.9989611414 0.0452965684 -0.0049858649 17.2774532148 -0.0430395401 0.9018699113 -0.4298584199 -28.7338993628 -0.0149745098 0.4296264471 0.9028825394 150.3029395474 0.0000000000 0.0000000000 0.0000000000 1.0000000000
20230803 18 07 50.002 0.9989385953 0.0460140199 0.0020959176 17.2950790171 -0.0406198550 0.9014636331 -0.4309447129 -28.8031126932 -0.0217188921 0.4304021703 0.9023758981 150.4446607194 0.0000000000 0.0000000000 0.0000000000 1.0000000000
20230803 18 07 50.065 0.9989627461 0.0454410984 -0.0029220646 17.2815322873 -0.0422642384 0.9014157239 -0.4308867913 -28.7801047442 -0.0169459741 0.4305633511 0.9024012603 150.3137277764 0.0000000000 0.0000000000 0.0000000000 1.0000000000
20230803 18 07 50.125 0.9989632913 0.0453935983 -0.0034298496 17.2889037022 -0.0424533660 0.9017569334 -0.4301536294 -28.8057923863 -0.0164333304 0.4298532940 0.9027491851 150.3486709864 0.0000000000 0.0000000000 0.0000000000 1.0000000000
20230803 18 07 50.184 0.9989942132 0.0446763610 -0.0038190054 17.3040288598 -0.0419668985 0.9016077620 -0.4305139057 -28.8562873761 -0.0157905498 0.4302411723 0.9025758651 150.4000879170 0.0000000000 0.0000000000 0.0000000000 1.0000000000
20230803 18 07 50.244 0.9989589846 0.0454162505 -0.0042791567 17.3182167425 -0.0428861789 0.9030369030 -0.4274168076 -28.9438441304 -0.0155474324 0.4271553768 0.9040445572 150.4787135495 0.0000000000 0.0000000000 0.0000000000 1.0000000000
20230803 18 07 50.303 0.9989140725 0.0465649993 0.0015416424 17.3064700906 -0.0414049658 0.9024194039 -0.4288646038 -28.9805381315 -0.0213612880 0.4283350562 0.9033674640 150.4566938850 0.0000000000 0.0000000000 0.0000000000 1.0000000000
20230803 18 07 50.362 0.9774469898 -0.0097565542 0.2109554260 17.3108888596 -0.0044344974 0.9977636980 0.0666928647 -29.0212212212 -0.2111343585 -0.0661242211 0.9752178577 150.3919985882 0.0000000000 0.0000000000 0.0000000000 1.0000000000
20230803 18 07 50.422 0.9989134451 0.0462940166 0.0053659374 17.3299888390 -0.0395922361 0.9037170573 -0.4262955960 -29.0022874433 -0.0245842246 0.4256199530 0.9045680027 150.4689744340 0.0000000000 0.0000000000 0.0000000000 1.0000000000
20230803 18 07 50.482 0.9989603951 0.0455468986 0.0018997703 17.3419592943 -0.0403860461 0.9035611986 -0.4265514362 -29.0170780396 -0.0211446538 0.4260312670 0.9044613111 150.5315626297 0.0000000000 0.0000000000 0.0000000000 1.0000000000
20230803 18 07 50.541 0.9989161771 0.0465007130 0.0020383399 17.3086212906 -0.0410767024 0.9013021834 -0.4312390042 -29.0162077923 -0.0218900814 0.4306878892 0.9022354274 150.3544329320 0.0000000000 0.0000000000 0.0000000000 1.0000000000
20230803 18 07 50.601 0.9989323369 0.0459261529 0.0049974810 17.3505559418 -0.0394504003 0.9043272940 -0.4250127189 -29.0904845112 -0.0240385575 0.4243617959 0.9051735822 150.5685706545 0.0000000000 0.0000000000 0.0000000000 1.0000000000
20230803 18 07 50.660 0.9768202831 -0.0100145735 0.2138266655 17.3426889412 -0.0034613452 0.9980354911 0.0625553968 -29.1135354548 -0.2140330667 -0.0618455083 0.9748666470 150.5193086493 0.0000000000 0.0000000000 0.0000000000 1.0000000000
20230803 18 07 50.720 0.9989151897 0.0463842603 0.0041163416 17.3398485550 -0.0401991348 0.9035686858 -0.4265532318 -29.0434155336 -0.0235047535 0.4259250291 0.9044530923 150.5259658207 0.0000000000 0.0000000000 0.0000000000 1.0000000000
20230803 18 07 50.777 0.9989770597 0.0452036732 -0.0012092145 17.3108360815 -0.0413060842 0.9013075070 -0.4312059662 -28.9102598656 -0.0184022195 0.4308148161 0.9022527099 150.3182278491 0.0000000000 0.0000000000 0.0000000000 1.0000000000
20230803 18 07 50.836 0.9989391269 0.0460497531 0.0002022493 17.3067550744 -0.0415110080 0.9023659302 -0.4289668569 -28.8565892220 -0.0199363207 0.4285033819 0.9033202061 150.3279621590 0.0000000000 0.0000000000 0.0000000000 1.0000000000
20230803 18 07 50.897 0.9989440574 0.0458678198 0.0026293060 17.3133936838 -0.0403197322 0.9026729745 -0.4284341494 -28.8414832647 -0.0220247438 0.4278757346 0.9035691819 150.3938766143 0.0000000000 0.0000000000 0.0000000000 1.0000000000
20230803 18 07 50.970 0.9989936318 0.0448156409 -0.0018116238 17.3218949481 -0.0412929260 0.9031976811 -0.4272339442 -28.8529268205 -0.0175105086 0.4268787968 0.9041393006 150.4046559248 0.0000000000 0.0000000000 0.0000000000 1.0000000000
20230803 18 07 51.028 0.9989867494 0.0450038279 0.0003606617 17.3107053523 -0.0404878144 0.9021827270 -0.4294497222 -28.8497572945 -0.0196522642 0.4289999796 0.9030906964 150.3425266481 0.0000000000 0.0000000000 0.0000000000 1.0000000000
20230803 18 07 51.085 0.9989391765 0.0458226809 0.0045610824 17.3356430478 -0.0395386580 0.9042641529 -0.4251388435 -28.8400516154 -0.0236054248 0.4245075072 0.9051166556 150.4893225992 0.0000000000 0.0000000000 0.0000000000 1.0000000000
20230803 18 07 51.142 0.9989647266 0.0453657342 -0.0033801125 17.3010017627 -0.0424495190 0.9028740867 -0.4278041863 -28.7328950535 -0.0163558351 0.4275047762 0.9038651188 150.2627230108 0.0000000000 0.0000000000 0.0000000000 1.0000000000
20230803 18 07 51.210 0.9989470600 0.0458391031 0.0018836033 17.3140505750 -0.0406215353 0.9028333847 -0.4280674835 -28.6698253765 -0.0213228094 0.4275402392 0.9037448100 150.3172808615 0.0000000000 0.0000000000 0.0000000000 1.0000000000
20230803 18 07 51.268 0.9989799910 0.0450716210 -0.0027434526 17.2927223762 -0.0418785542 0.9020603801 -0.4295733433 -28.6213430601 -0.0168868070 0.4292500665 0.9030278048 150.2230244192 0.0000000000 0.0000000000 0.0000000000 1.0000000000
20230803 18 07 51.393 0.9989885738 0.0444528585 -0.0067655585 17.2855917415 -0.0430066018 0.9006871884 -0.4323343855 -28.5957555630 -0.0131248474 0.4321880748 0.9016879762 150.1150883453 0.0000000000 0.0000000000 0.0000000000 1.0000000000
20230803 18 07 51.457 0.9989428885 0.0459354982 0.0017422582 17.3000116085 -0.0408100102 0.9036504259 -0.4263220036 -28.6250051520 -0.0211577060 0.4258002321 0.9045697949 150.3904518210 0.0000000000 0.0000000000 0.0000000000 1.0000000000
20230803 18 07 51.515 0.9990031303 0.0446371507 -0.0005199439 17.2153660737 -0.0405082209 0.9015784215 -0.4307150264 -28.5420790652 -0.0187571213 0.4303067217 0.9024878369 150.1883508657 0.0000000000 0.0000000000 0.0000000000 1.0000000000
20230803 18 07 51.581 0.9990036002 0.0439806420 -0.0075835289 17.1647009851 -0.0429614835 0.9016546753 -0.4303175078 -28.5000602043 -0.0120879160 0.4302145391 0.9026457404 150.0901213565 0.0000000000 0.0000000000 0.0000000000 1.0000000000
20230803 18 07 51.639 0.9989798094 0.0451296419 -0.0016296740 17.1497981270 -0.0414822363 0.9027828528 -0.4280915145 -28.5498953078 -0.0178483751 0.4277223821 0.9037339207 150.1607794585 0.0000000000 0.0000000000 0.0000000000 1.0000000000
20230803 18 07 51.702 0.9989721839 0.0450398956 -0.0050974019 17.1175982561 -0.0428241195 0.9009595568 -0.4317846360 -28.5438878180 -0.0148549819 0.4315591326 0.9019623299 150.0445540563 0.0000000000 0.0000000000 0.0000000000 1.0000000000
20230803 18 07 51.764 0.9989634368 0.0448671712 -0.0076804196 17.0888834939 -0.0437959522 0.9013589461 -0.4308526023 -28.5721682929 -0.0124083225 0.4307423676 0.9023896311 150.0323181269 0.0000000000 0.0000000000 0.0000000000 1.0000000000
20230803 18 07 51.827 0.9989792022 0.0448062964 -0.0057401507 17.1067778250 -0.0428951678 0.9010890712 -0.4315072309 -28.5613782319 -0.0141618539 0.4313129740 0.9020912151 150.0476298154 0.0000000000 0.0000000000 0.0000000000 1.0000000000
20230803 18 07 51.890 0.9990101201 0.0436568604 -0.0085357186 17.1105225270 -0.0430998480 0.9024639552 -0.4286037945 -28.5433946737 -0.0110083177 0.4285474164 0.9034522283 150.0566647693 0.0000000000 0.0000000000 0.0000000000 1.0000000000
20230803 18 07 51.952 0.9989052819 0.0464762536 0.0053099592 17.1392404499 -0.0397282671 0.9027974654 -0.4282270441 -28.5039352447 -0.0246962064 0.4275473007 0.9036555776 150.1773869834 0.0000000000 0.0000000000 0.0000000000 1.0000000000
20230803 18 07 52.015 0.9989918912 0.0435971368 -0.0107000413 17.0943706445 -0.0439456312 0.9011084501 -0.4313610352 -28.4248684362 -0.0091642084 0.4313963964 0.9021159385 149.9392576447 0.0000000000 0.0000000000 0.0000000000 1.0000000000
20230803 18 07 52.078 0.9989335679 0.0455333985 -0.0076443845 17.1473492449 -0.0444187644 0.9025917739 -0.4281997933 -28.4682104344 -0.0125976332 0.4280827014 0.9036517584 150.1828444144 0.0000000000 0.0000000000 0.0000000000 1.0000000000
20230803 18 07 52.140 0.9990034497 0.0443578054 -0.0049490079 17.1487440162 -0.0422227775 0.9032832261 -0.4269621184 -28.4728669545 -0.0144687467 0.4267455901 0.9042559686 150.1674168924 0.0000000000 0.0000000000 0.0000000000 1.0000000000
20230803 18 07 52.203 0.9989625372 0.0451345482 -0.0060598478 17.1527662044 -0.0433761661 0.9025182392 -0.4284615923 -28.4541397476 -0.0138692972 0.4282799323 0.9035396738 150.1740703207 0.0000000000 0.0000000000 0.0000000000 1.0000000000
20230803 18 07 52.270 0.9989572347 0.0452057082 -0.0063943074 17.1608159296 -0.0435678773 0.9020106079 -0.4295098407 -28.4404688592 -0.0136485634 0.4293405491 0.9030395393 150.1934480662 0.0000000000 0.0000000000 0.0000000000 1.0000000000
20230803 18 07 52.334 0.9989534854 0.0455234505 -0.0044214830 17.1717362081 -0.0430409516 0.9029486200 -0.4275877292 -28.4548879686 -0.0154728969 0.4273305572 0.9039630437 150.2275857812 0.0000000000 0.0000000000 0.0000000000 1.0000000000
20230803 18 07 52.396 0.9989480662 0.0449343004 -0.0091471167 17.1677311756 -0.0445241891 0.9027216007 -0.4279150712 -28.4199126883 -0.0109707646 0.4278722009 0.9037726606 150.1446855529 0.0000000000 0.0000000000 0.0000000000 1.0000000000
20230803 18 07 52.459 0.9989958584 0.0445747517 -0.0045129238 17.1525764435 -0.0422267615 0.9031087769 -0.4273305954 -28.4366801016 -0.0149724941 0.4270920611 0.9040841752 150.1824814069 0.0000000000 0.0000000000 0.0000000000 1.0000000000
20230803 18 07 52.521 0.9989657054 0.0452897649 -0.0040443277 17.1784336903 -0.0426868811 0.9034644870 -0.4265322389 -28.4287716374 -0.0156636384 0.4262637187 0.9044633174 150.1932145553 0.0000000000 0.0000000000 0.0000000000 1.0000000000
20230803 18 07 52.578 0.9989643715 0.0454716954 -0.0015841350 17.1792844913 -0.0418584295 0.9048231326 -0.4237251120 -28.4155490521 -0.0178341372 0.4233525996 0.9057894457 150.2474144401 0.0000000000 0.0000000000 0.0000000000 1.0000000000
20230803 18 07 52.641 0.9989779302 0.0451793437 -0.0013862813 17.1796158558 -0.0414688188 0.9038679406 -0.4257969975 -28.3955077555 -0.0179842137 0.4254192907 0.9048176585 150.2710117103 0.0000000000 0.0000000000 0.0000000000 1.0000000000
20230803 18 07 52.703 0.9989492299 0.0457417653 0.0028508032 17.1662906790 -0.0401966811 0.9043339533 -0.4249286149 -28.3823450209 -0.0220150631 0.4243675198 0.9052223733 150.3146062645 0.0000000000 0.0000000000 0.0000000000 1.0000000000
20230803 18 07 52.767 0.9990089986 0.0443928038 -0.0032092986 17.1759059460 -0.0415704526 0.9048675939 -0.4236585123 -28.4139043945 -0.0159033990 0.4233720781 0.9058162978 150.3079122879 0.0000000000 0.0000000000 0.0000000000 1.0000000000
20230803 18 07 52.828 0.9989643551 0.0450845869 -0.0061316579 17.1829279746 -0.0433828097 0.9031728937 -0.4270792150 -28.4467728293 -0.0137167428 0.4269029211 0.9041934234 150.1858741050 0.0000000000 0.0000000000 0.0000000000 1.0000000000
20230803 18 07 52.893 0.9989838812 0.0446673385 -0.0060028269 17.1770014691 -0.0429446200 0.9030073358 -0.4274734039 -28.4910129343 -0.0136735025 0.4272968293 0.9040079950 150.2855476901 0.0000000000 0.0000000000 0.0000000000 1.0000000000
20230803 18 07 52.955 0.9990082643 0.0442312781 -0.0051070362 17.1844280881 -0.0421657778 0.9029856244 -0.4275967835 -28.4754326023 -0.0143015720 0.4273880627 0.9039551476 150.2343717865 0.0000000000 0.0000000000 0.0000000000 1.0000000000
20230803 18 07 53.018 0.9989644020 0.0444571184 -0.0096792653 17.1631019429 -0.0442955731 0.9016912565 -0.4301055454 -28.4466610697 -0.0103935442 0.4300888775 0.9027267204 150.0989740993 0.0000000000 0.0000000000 0.0000000000 1.0000000000
20230803 18 07 53.081 0.9989792810 0.0450063819 -0.0038498971 17.1773390221 -0.0422939027 0.9020225189 -0.4296121520 -28.4881441015 -0.0158625947 0.4293364659 0.9030053030 150.1745610721 0.0000000000 0.0000000000 0.0000000000 1.0000000000
20230803 18 07 53.144 0.9990064154 0.0440653039 -0.0066656542 17.1825079130 -0.0426513472 0.9019447911 -0.4297399869 -28.5325021123 -0.0129245711 0.4295973030 0.9029280773 150.1888469680 0.0000000000 0.0000000000 0.0000000000 1.0000000000
20230803 18 07 53.201 0.9989961547 0.0439484270 -0.0086728737 17.1738592039 -0.0434149521 0.9021740176 -0.4291819939 -28.5788731111 -0.0110374322 0.4291276940 0.9031763933 150.1873956950 0.0000000000 0.0000000000 0.0000000000 1.0000000000
20230803 18 07 53.263 0.9990329663 0.0428302881 -0.0099347194 17.1670862906 -0.0429048153 0.9002995880 -0.4331510460 -28.5555023582 -0.0096077603 0.4331584216 0.9012665936 150.0526451419 0.0000000000 0.0000000000 0.0000000000 1.0000000000
20230803 18 07 53.389 0.9990168908 0.0433935932 -0.0090690660 17.1786092116 -0.0430560381 0.9010479575 -0.4315770566 -28.5445716987 -0.0105560159 0.4315432473 0.9020304852 150.0629533383 0.0000000000 0.0000000000 0.0000000000 1.0000000000
20230803 18 07 53.453 0.9990378885 0.0426234807 -0.0103216427 17.1757288798 -0.0429185829 0.9018453941 -0.4299219469 -28.6057500870 -0.0090162439 0.4299513043 0.9028070576 150.1606494130 0.0000000000 0.0000000000 0.0000000000 1.0000000000
20230803 18 07 53.516 0.9990155535 0.0443553836 0.0007237951 17.2064659340 -0.0397632880 0.9025830296 -0.4286755831 -28.6782837662 -0.0196673551 0.4282247944 0.9034582008 150.2893762936 0.0000000000 0.0000000000 0.0000000000 1.0000000000
20230803 18 07 53.579 0.9990094810 0.0444592907 -0.0018515799 17.2148806947 -0.0410102194 0.9037640932 -0.4260617628 -28.7432945777 -0.0172690123 0.4257156742 0.9046921830 150.3620427322 0.0000000000 0.0000000000 0.0000000000 1.0000000000
20230803 18 07 53.642 0.9990002547 0.0442477154 -0.0063742281 17.1941003239 -0.0426654699 0.9011217808 -0.4314616946 -28.7115139931 -0.0133472385 0.4313023022 0.9021087381 150.1765124936 0.0000000000 0.0000000000 0.0000000000 1.0000000000
20230803 18 07 53.699 0.9990198032 0.0434559519 -0.0084269258 17.1982914997 -0.0428584928 0.9019603257 -0.4296867701 -28.7312992613 -0.0110716949 0.4296267579 0.9029386837 150.2182403708 0.0000000000 0.0000000000 0.0000000000 1.0000000000
20230803 18 07 53.762 0.9989667421 0.0452508975 -0.0042195286 17.1936725205 -0.0425917286 0.8997661578 -0.4342888508 -28.7585916034 -0.0158553713 0.4340198354 0.9007637813 150.1563610563 0.0000000000 0.0000000000 0.0000000000 1.0000000000
20230803 18 07 53.825 0.9989278852 0.0461609413 0.0034996803 17.2514129426 -0.0402856932 0.9040481569 -0.4255278991 -28.8789437715 -0.0228066479 0.4249306972 0.9049385390 150.4869008728 0.0000000000 0.0000000000 0.0000000000 1.0000000000
20230803 18 07 53.887 0.9989453893 0.0447903425 -0.0100962531 17.1987540069 -0.0447423569 0.9002625700 -0.4330420609 -28.8472242744 -0.0103068234 0.4330371003 0.9013171690 150.1389873546 0.0000000000 0.0000000000 0.0000000000 1.0000000000
20230803 18 07 53.949 0.9989335549 0.0460534717 -0.0032910026 17.2439302149 -0.0430311025 0.9027976993 -0.4279072777 -28.9068858990 -0.0167355061 0.4275925535 0.9038166468 150.3389274047 0.0000000000 0.0000000000 0.0000000000 1.0000000000
20230803 18 07 54.011 0.9989324586 0.0461772362 -0.0012672510 17.2329576286 -0.0422096601 0.9012701650 -0.4311965148 -28.8341949546 -0.0187693278 0.4307896849 0.9022571472 150.2677473952 0.0000000000 0.0000000000 0.0000000000 1.0000000000
20230803 18 07 54.074 0.9989417640 0.0459544545 -0.0018815745 17.2387374894 -0.0422917976 0.9017069192 -0.4302743727 -28.7640985017 -0.0180763954 0.4298986160 0.9026961969 150.2757258450 0.0000000000 0.0000000000 0.0000000000 1.0000000000
20230803 18 07 54.139 0.9989937855 0.0445195261 -0.0054247934 17.1997963210 -0.0425333220 0.9020973942 -0.4294312609 -28.6821587935 -0.0142243843 0.4292298954 0.9030832541 150.1709238533 0.0000000000 0.0000000000 0.0000000000 1.0000000000
20230803 18 07 54.202 0.9990182889 0.0442776335 -0.0013963141 17.2000949063 -0.0406077049 0.9027074757 -0.4283342475 -28.6751988987 -0.0177051637 0.4279704481 0.9036192908 150.2065671470 0.0000000000 0.0000000000 0.0000000000 1.0000000000
20230803 18 07 54.265 0.9989715029 0.0453412397 0.0003292674 17.2389290110 -0.0408632497 0.9034107063 -0.4268246602 -28.7138773257 -0.0196502229 0.4263722173 0.9043343414 150.3766608479 0.0000000000 0.0000000000 0.0000000000 1.0000000000
20230803 18 07 54.327 0.9990012919 0.0441265050 -0.0070192777 17.1990893040 -0.0428352743 0.9011458176 -0.4313946623 -28.6538281270 -0.0127105459 0.4312644976 0.9021360070 150.1898918445 0.0000000000 0.0000000000 0.0000000000 1.0000000000
20230803 18 07 54.390 0.9990172321 0.0440513196 -0.0049041980 17.2114905410 -0.0418848916 0.9020624124 -0.4295684578 -28.5957519596 -0.0144991648 0.4293517035 0.9030209792 150.2240102128 0.0000000000 0.0000000000 0.0000000000 1.0000000000
20230803 18 07 54.452 0.9990037802 0.0435531830 -0.0097245769 17.1892521374 -0.0434641952 0.9002273724 -0.4332453598 -28.5326954683 -0.0101148842 0.4332364231 0.9012235521 150.0650068131 0.0000000000 0.0000000000 0.0000000000 1.0000000000
20230803 18 07 54.515 0.9989568614 0.0456425256 0.0013960154 17.2347712932 -0.0406899419 0.9036046868 -0.4264304147 -28.5678439829 -0.0207248071 0.4259287849 0.9045192936 150.3596480512 0.0000000000 0.0000000000 0.0000000000 1.0000000000
20230803 18 07 54.577 0.9989906400 0.0440758405 -0.0086614897 17.1851602818 -0.0434873856 0.9007142019 -0.4322300010 -28.4850619475 -0.0112493738 0.4321703909 0.9017218001 150.0123042429 0.0000000000 0.0000000000 0.0000000000 1.0000000000
20230803 18 07 54.640 0.9989753063 0.0452457337 0.0010774832 17.2098117268 -0.0404080285 0.9023813393 -0.4290397531 -28.5449626148 -0.0203845191 0.4285565798 0.9032849657 150.2618059781 0.0000000000 0.0000000000 0.0000000000 1.0000000000
20230803 18 07 54.697 0.9990008226 0.0446543672 -0.0018286411 17.1857284564 -0.0410929021 0.9016986241 -0.4304079050 -28.4599806784 -0.0175707094 0.4300529954 0.9026326447 150.0436288978 0.0000000000 0.0000000000 0.0000000000 1.0000000000
20230803 18 07 54.759 0.9990297373 0.0438765059 -0.0037995131 17.1978373668 -0.0412716325 0.9026159720 -0.4284636033 -28.4528184780 -0.0153699846 0.4282046932 0.9035510524 150.2207929902 0.0000000000 0.0000000000 0.0000000000 1.0000000000
20230803 18 07 54.822 0.9989912871 0.0448703114 0.0017502984 17.2200771763 -0.0398609917 0.9040632210 -0.4255358901 -28.4204553895 -0.0206763083 0.4250368779 0.9049398558 150.2666170758 0.0000000000 0.0000000000 0.0000000000 1.0000000000
20230803 18 07 54.885 0.9989800254 0.0451199507 -0.0017603736 17.1837270178 -0.0415924264 0.9043026090 -0.4248609906 -28.3925404541 -0.0175777965 0.4245008614 0.9052568916 150.1923013840 0.0000000000 0.0000000000 0.0000000000 1.0000000000
20230803 18 07 54.941 0.9989916543 0.0448824635 -0.0011131901 17.2102932507 -0.0411003631 0.9042693593 -0.4249796301 -28.4196803001 -0.0180675090 0.4245968562 0.9052022287 150.3046084204 0.0000000000 0.0000000000 0.0000000000 1.0000000000
20230803 18 07 55.004 0.9989771719 0.0450229254 -0.0041888108 17.1984743689 -0.0424739705 0.9025567048 -0.4284709518 -28.4103097670 -0.0155103764 0.4282106151 0.9035458468 150.1539886800 0.0000000000 0.0000000000 0.0000000000 1.0000000000
20230803 18 07 55.067 0.9989774016 0.0452059576 -0.0007565871 17.2023882156 -0.0411907272 0.9030931643 -0.4274646893 -28.4213543396 -0.0186406820 0.4270587290 0.9040317290 150.2190653527 0.0000000000 0.0000000000 0.0000000000 1.0000000000
20230803 18 07 55.129 0.9989853217 0.0450193050 -0.0012606029 17.2232330393 -0.0412786933 0.9040691115 -0.4253881888 -28.4255502398 -0.0180110085 0.4250085927 0.9050101103 150.3113650072 0.0000000000 0.0000000000 0.0000000000 1.0000000000
20230803 18 07 55.191 0.9989697720 0.0452010616 -0.0040322071 17.1981842889 -0.0425612540 0.9023724684 -0.4288501696 -28.3966155471 -0.0157459302 0.4285799720 0.9033666328 150.1032631257 0.0000000000 0.0000000000 0.0000000000 1.0000000000
20230803 18 07 55.255 0.9988983993 0.0465256981 0.0061112487 17.2376944145 -0.0395398996 0.9046496095 -0.4243179002 -28.4504086612 -0.0252702253 0.4236088331 0.9054926682 150.3904955306 0.0000000000 0.0000000000 0.0000000000 1.0000000000
20230803 18 07 55.317 0.9989874641 0.0446417799 -0.0055819426 17.1968730979 -0.0427227857 0.9024419924 -0.4286877814 -28.4183301315 -0.0141000061 0.4284921957 0.9034354587 150.1470806924 0.0000000000 0.0000000000 0.0000000000 1.0000000000
20230803 18 07 55.461 0.9989813086 0.0451215217 -0.0006271595 17.2164050994 -0.0411201359 0.9044910935 -0.4245055903 -28.4162558866 -0.0185870780 0.4240989390 0.9054250993 150.3087807757 0.0000000000 0.0000000000 0.0000000000 1.0000000000
20230803 18 07 55.527 0.9988514095 0.0470980001 0.0088113688 17.2258866260 -0.0389518032 0.9052439567 -0.4231029849 -28.3957410709 -0.0279037428 0.4222737941 0.9060387541 150.4119710333 0.0000000000 0.0000000000 0.0000000000 1.0000000000
20230803 18 07 55.586 0.9989562677 0.0456680534 0.0008966780 17.2045554044 -0.0409333073 0.9037532420 -0.4260921755 -28.3878718215 -0.0202691759 0.4256107454 0.9046793100 150.4300595284 0.0000000000 0.0000000000 0.0000000000 1.0000000000
20230803 18 07 55.649 0.9989605771 0.0453276052 -0.0048138963 17.2017117276 -0.0430350927 0.9030480736 -0.4273782372 -28.3761308786 -0.0150248522 0.4271411770 0.9040601024 150.2188718134 0.0000000000 0.0000000000 0.0000000000 1.0000000000
20230803 18 07 55.712 0.9989677038 0.0452671606 -0.0037961795 17.1938937155 -0.0425239996 0.9024866542 -0.4286135188 -28.4011335879 -0.0159761156 0.4283324914 0.9034799613 150.1496737273 0.0000000000 0.0000000000 0.0000000000 1.0000000000
20230803 18 07 55.769 0.9989920808 0.0444727979 -0.0060821746 17.2008254782 -0.0427891699 0.9025875207 -0.4283746659 -28.4306884788 -0.0135613251 0.4282031500 0.9035807395 150.1927440499 0.0000000000 0.0000000000 0.0000000000 1.0000000000
20230803 18 07 55.831 0.9989253110 0.0463140928 0.0017966207 17.2135555306 -0.0411239218 0.9035279517 -0.4265513610 -28.4623439121 -0.0213786364 0.4260190668 0.9044615573 150.2435714226 0.0000000000 0.0000000000 0.0000000000 1.0000000000
20230803 18 07 55.894 0.9990084803 0.0443718750 -0.0036322056 17.2038751612 -0.0416261641 0.9020166406 -0.4296897050 -28.4671032521 -0.0157898279 0.4294148540 0.9029693043 150.1262425973 0.0000000000 0.0000000000 0.0000000000 1.0000000000
20230803 18 07 55.957 0.9989993585 0.0443122413 -0.0060586350 17.2373956900 -0.0426424329 0.9028612578 -0.4278120756 -28.5361815179 -0.0134872051 0.4276423440 0.9038473991 150.2013213378 0.0000000000 0.0000000000 0.0000000000 1.0000000000
20230803 18 07 56.020 0.9990054949 0.0445780940 -0.0009026098 17.2371213976 -0.0407148489 0.9038035652 -0.4260063574 -28.6153700893 -0.0181747695 0.4256194415 0.9047197183 150.3492752930 0.0000000000 0.0000000000 0.0000000000 1.0000000000
20230803 18 07 56.083 0.9990385505 0.0438401013 -0.0001420421 17.2483637853 -0.0397293557 0.9039825798 -0.4257194777 -28.6523524323 -0.0185351814 0.4253158132 0.9048551852 150.4115301664 0.0000000000 0.0000000000 0.0000000000 1.0000000000
20230803 18 07 56.145 0.9990369939 0.0431407778 -0.0079973790 17.2272455892 -0.0423862851 0.9018637523 -0.4299362453 -28.6042272035 -0.0113352378 0.4298611933 0.9028238294 150.1906165325 0.0000000000 0.0000000000 0.0000000000 1.0000000000
20230803 18 07 56.207 0.9990550356 0.0433184397 -0.0035423950 17.2520058859 -0.0406886620 0.9035176314 -0.4266149582 -28.6373776577 -0.0152796779 0.4263559575 0.9044264088 150.3843520721 0.0000000000 0.0000000000 0.0000000000 1.0000000000
20230803 18 07 56.270 0.9989750471 0.0452347732 -0.0016342077 17.2302840726 -0.0415800883 0.9028000380 -0.4280457775 -28.6167216236 -0.0178871909 0.4276750013 0.9037555763 150.2883205759 0.0000000000 0.0000000000 0.0000000000 1.0000000000
20230803 18 07 56.327 0.9990135596 0.0439017660 -0.0066740233 17.2111172961 -0.0425092314 0.9020164079 -0.4296037302 -28.6348451649 -0.0128402839 0.4294636594 0.9029928529 150.1783532408 0.0000000000 0.0000000000 0.0000000000 1.0000000000
20230803 18 07 56.390 0.9990084238 0.0441570552 -0.0056853821 17.2281269039 -0.0422765873 0.9008288636 -0.4321111532 -28.7018073520 -0.0139591998 0.4319230407 0.9018024327 150.1707237769 0.0000000000 0.0000000000 0.0000000000 1.0000000000
20230803 18 07 56.453 0.9989110692 0.0466425978 0.0010694877 17.2417912598 -0.0416325730 0.9014926641 -0.4307873089 -28.7737008255 -0.0210571745 0.4302736858 0.9024528523 150.3370728281 0.0000000000 0.0000000000 0.0000000000 1.0000000000
20230803 18 07 56.516 0.9988805456 0.0466980143 0.0075465967 17.2547698160 -0.0390023143 0.9033078342 -0.4272163107 -28.8008225944 -0.0267670533 0.4264437268 0.9041179529 150.4296146066 0.0000000000 0.0000000000 0.0000000000 1.0000000000
20230803 18 07 56.573 0.9988845494 0.0470296547 0.0042271224 17.2417202904 -0.0406660986 0.9023018531 -0.4291825186 -28.7919722843 -0.0239984461 0.4285318862 0.9032078925 150.3386625200 0.0000000000 0.0000000000 0.0000000000 1.0000000000
20230803 18 07 56.635 0.9989385386 0.0460613792 -0.0003814309 17.2526107452 -0.0417652556 0.9022133051 -0.4292631076 -28.8222259403 -0.0194283188 0.4288233919 0.9031794057 150.3267948050 0.0000000000 0.0000000000 0.0000000000 1.0000000000
20230803 18 07 56.698 0.9989264812 0.0462766103 0.0020881692 17.2463950969 -0.0409252119 0.9027352425 -0.4282455009 -28.8617621951 -0.0217028141 0.4277003125 0.9036600193 150.3528249363 0.0000000000 0.0000000000 0.0000000000 1.0000000000
20230803 18 07 56.761 0.9989295795 0.0462366793 0.0013655361 17.2490789203 -0.0412151001 0.9030660667 -0.4275195840 -28.8781457588 -0.0210002552 0.4270056775 0.9040050557 150.3687159708 0.0000000000 0.0000000000 0.0000000000 1.0000000000
20230803 18 07 56.818 0.9989288091 0.0460326250 0.0047150507 17.2638166358 -0.0395477310 0.9021973661 -0.4295065653 -28.8590970624 -0.0240252210 0.4288600122 0.9030514264 150.3086181452 0.0000000000 0.0000000000 0.0000000000 1.0000000000
20230803 18 07 56.881 0.9989312347 0.0460932585 0.0034350878 17.2617699580 -0.0401947224 0.9029799695 -0.4277985028 -28.8020374756 -0.0228204424 0.4272032142 0.9038676016 150.3810507603 0.0000000000 0.0000000000 0.0000000000 1.0000000000
20230803 18 07 56.944 0.9989717791 0.0450929802 -0.0046912367 17.2354018128 -0.0427476745 0.9024095481 -0.4287535934 -28.6893118748 -0.0151003605 0.4285132795 0.9034092918 150.1426696036 0.0000000000 0.0000000000 0.0000000000 1.0000000000
20230803 18 07 57.003 0.9989492084 0.0457062584 0.0033788891 17.2290437498 -0.0398827789 0.9032565777 -0.4272433952 -28.6734769732 -0.0225797008 0.4266596920 0.9041303359 150.2924948505 0.0000000000 0.0000000000 0.0000000000 1.0000000000
20230803 18 07 57.068 0.9990480496 0.0434864094 -0.0034535065 17.2159460227 -0.0407403490 0.9017923744 -0.4302449738 -28.6517123044 -0.0155954633 0.4299760990 0.9027055643 150.1930177783 0.0000000000 0.0000000000 0.0000000000 1.0000000000
20230803 18 07 57.127 0.9989964441 0.0446943840 0.0029183270 17.2515021314 -0.0392010584 0.9040082225 -0.4257140011 -28.6941947010 -0.0216652167 0.4251723718 0.9048530669 150.4219418387 0.0000000000 0.0000000000 0.0000000000 1.0000000000
20230803 18 07 57.187 0.9990547135 0.0432419414 -0.0044512899 17.2364547962 -0.0410290773 0.9041566158 -0.4252263266 -28.6260675586 -0.0143629487 0.4250069982 0.9050761057 150.2544774574 0.0000000000 0.0000000000 0.0000000000 1.0000000000
20230803 18 07 57.255 0.9990223208 0.0441091806 -0.0029635821 17.2399338047 -0.0411431887 0.9031307917 -0.4273897649 -28.5717333112 -0.0161753101 0.4270938460 0.9040626118 150.2793222193 0.0000000000 0.0000000000 0.0000000000 1.0000000000
20230803 18 07 57.313 0.9989857938 0.0448650701 -0.0038091084 17.2342977760 -0.0421697848 0.9025984887 -0.4284129754 -28.5248112732 -0.0157826827 0.4281391055 0.9035750180 150.2053690571 0.0000000000 0.0000000000 0.0000000000 1.0000000000
20230803 18 07 57.457 0.9989825618 0.0443027377 -0.0084325934 17.2257432076 -0.0436192303 0.9016901730 -0.4301769340 -28.5030787326 -0.0114544293 0.4301070788 0.9027052103 150.1275570588 0.0000000000 0.0000000000 0.0000000000 1.0000000000
20230803 18 07 57.525 0.9990054478 0.0445872737 -0.0003005093 17.2336519826 -0.0403937642 0.9021523802 -0.4295223238 -28.5035692613 -0.0188801242 0.4291072802 0.9030561904 150.1985528547 0.0000000000 0.0000000000 0.0000000000 1.0000000000
20230803 18 07 57.583 0.9989426108 0.0459263133 -0.0021057084 17.2487718071 -0.0424097146 0.9028343994 -0.4278918829 -28.4544925663 -0.0177503907 0.4275287371 0.9038274739 150.1939364533 0.0000000000 0.0000000000 0.0000000000 1.0000000000
20230803 18 07 57.640 0.9989617225 0.0455488304 0.0008837276 17.2465054407 -0.0407599775 0.9022625296 -0.4292562776 -28.4255617545 -0.0203494757 0.4287745697 0.9031823001 150.2139156175 0.0000000000 0.0000000000 0.0000000000 1.0000000000
20230803 18 07 57.700 0.9989754359 0.0451949117 0.0023448719 17.2300494917 -0.0398941950 0.9039054345 -0.4258678418 -28.3990624735 -0.0213666019 0.4253379661 0.9047823401 150.2639686990 0.0000000000 0.0000000000 0.0000000000 1.0000000000
20230803 18 07 57.757 0.9989828809 0.0450813710 0.0009347250 17.2361834298 -0.0404607553 0.9053568594 -0.4227196286 -28.4068046259 -0.0199030401 0.4222518527 0.9062600299 150.3535144038 0.0000000000 0.0000000000 0.0000000000 1.0000000000
20230803 18 07 57.814 0.9989437782 0.0458550036 0.0029405232 17.2497462245 -0.0403246539 0.9055481159 -0.4223227819 -28.4192766739 -0.0220283980 0.4217581398 0.9064407433 150.3522436863 0.0000000000 0.0000000000 0.0000000000 1.0000000000
20230803 18 07 57.872 0.9989071659 0.0461361833 0.0074783972 17.2450280650 -0.0386547664 0.9054428112 -0.4227045359 -28.4419395207 -0.0262732349 0.4219535143 0.9062366959 150.4041495355 0.0000000000 0.0000000000 0.0000000000 1.0000000000
20230803 18 07 57.929 0.9989535438 0.0455633489 0.0039747285 17.2401253368 -0.0395986737 0.9051102285 -0.4233289730 -28.4148065505 -0.0228858531 0.4227285838 0.9059673185 150.3685434264 0.0000000000 0.0000000000 0.0000000000 1.0000000000
20230803 18 07 57.987 0.9989452891 0.0458795555 0.0018373122 17.2110008742 -0.0407565513 0.9044093420 -0.4247147814 -28.3610912235 -0.0211474077 0.4241919476 0.9053253441 150.2409240315 0.0000000000 0.0000000000 0.0000000000 1.0000000000
20230803 18 07 58.044 0.9990001061 0.0447042628 -0.0005628700 17.2189721053 -0.0407225572 0.9046811537 -0.4241387551 -28.3500605179 -0.0184515925 0.4237375828 0.9055970404 150.2502705568 0.0000000000 0.0000000000 0.0000000000 1.0000000000
20230803 18 07 58.101 0.9989058525 0.0459125668 0.0088957266 17.2534999489 -0.0379252253 0.9065711599 -0.4203455833 -28.3807993666 -0.0273637539 0.4195482908 0.9073204818 150.4883158850 0.0000000000 0.0000000000 0.0000000000 1.0000000000
20230803 18 07 58.158 0.9989501787 0.0457166500 0.0029203504 17.2103259055 -0.0401796113 0.9050126795 -0.4234827608 -28.3504505889 -0.0220031673 0.4229208410 0.9058994552 150.3032651365 0.0000000000 0.0000000000 0.0000000000 1.0000000000
20230803 18 07 58.216 0.9989338352 0.0459367915 0.0045830142 17.2145686259 -0.0396585586 0.9047246360 -0.4241468280 -28.3585629523 -0.0236303102 0.4235128618 0.9055818374 150.2897578206 0.0000000000 0.0000000000 0.0000000000 1.0000000000
20230803 18 07 58.274 0.9989272031 0.0458218064 0.0066936565 17.2395766626 -0.0387317187 0.9059501684 -0.4216089970 -28.3650029229 -0.0253830051 0.4208974393 0.9067530251 150.3674407082 0.0000000000 0.0000000000 0.0000000000 1.0000000000
20230803 18 07 58.331 0.9988862474 0.0458659782 0.0110714427 17.2445339590 -0.0369498201 0.9063228533 -0.4209674529 -28.3540068512 -0.0293423855 0.4200895114 0.9070081735 150.4244347380 0.0000000000 0.0000000000 0.0000000000 1.0000000000
20230803 18 07 58.388 0.9989966822 0.0445706191 0.0043690784 17.2310583798 -0.0385176649 0.9048818466 -0.4239165403 -28.3142428426 -0.0228477224 0.4233229306 0.9056907187 150.3561304759 0.0000000000 0.0000000000 0.0000000000 1.0000000000
20230803 18 07 58.445 0.9989282927 0.0460806179 0.0043408088 17.2065955258 -0.0399105300 0.9050593271 -0.4234085073 -28.3002363518 -0.0234396152 0.4227814933 0.9059284703 150.3248401349 0.0000000000 0.0000000000 0.0000000000 1.0000000000
20230803 18 07 58.502 0.9989027889 0.0456732409 0.0103524537 17.2389045664 -0.0371277610 0.9070610273 -0.4193588227 -28.3375257318 -0.0285437838 0.4185143341 0.9077615351 150.4461498901 0.0000000000 0.0000000000 0.0000000000 1.0000000000
20230803 18 07 58.560 0.9989397748 0.0455698843 0.0065354360 17.2433904967 -0.0385652725 0.9058803569 -0.4217742272 -28.3619434532 -0.0251405258 0.4210750106 0.9066773348 150.4117749470 0.0000000000 0.0000000000 0.0000000000 1.0000000000
20230803 18 07 58.617 0.9989566732 0.0454512356 0.0044441329 17.2281849410 -0.0392803439 0.9047907257 -0.4240410325 -28.3793539665 -0.0232941991 0.4234240521 0.9056320734 150.3291195066 0.0000000000 0.0000000000 0.0000000000 1.0000000000
20230803 18 07 58.675 0.9990104384 0.0444152690 -0.0023297795 17.2494372423 -0.0412323069 0.9052342689 -0.4229075730 -28.4025005009 -0.0166745574 0.4225851421 0.9061698278 150.3643162276 0.0000000000 0.0000000000 0.0000000000 1.0000000000
20230803 18 07 58.734 0.9989641412 0.0454668044 0.0018477560 17.2481568280 -0.0404976709 0.9068356285 -0.4195343628 -28.4215023357 -0.0207504978 0.4190249547 0.9077375745 150.4603181766 0.0000000000 0.0000000000 0.0000000000 1.0000000000
20230803 18 07 58.792 0.9989817817 0.0450318684 0.0027441944 17.2550593556 -0.0396394880 0.9051496828 -0.4232407857 -28.4094080662 -0.0215432300 0.4227010557 0.9060130831 150.3661533225 0.0000000000 0.0000000000 0.0000000000 1.0000000000
20230803 18 07 58.849 0.9990044963 0.0445592648 0.0021185401 17.2505436000 -0.0394898386 0.9054430835 -0.4226267563 -28.4103960029 -0.0207501550 0.4221223691 0.9063013498 150.3688628246 0.0000000000 0.0000000000 0.0000000000 1.0000000000
20230803 18 07 58.906 0.9990026897 0.0446287417 -0.0013789022 17.2053425491 -0.0409253662 0.9028815564 -0.4279369224 -28.3961945856 -0.0178533011 0.4275665686 0.9038075509 150.0718775566 0.0000000000 0.0000000000 0.0000000000 1.0000000000
20230803 18 07 58.964 0.9989344180 0.0460310914 0.0033417436 17.2510128571 -0.0402682292 0.9046692493 -0.4242075188 -28.4690250227 -0.0225499077 0.4236209248 0.9055588406 150.2917728287 0.0000000000 0.0000000000 0.0000000000 1.0000000000
20230803 18 07 59.022 0.9989657970 0.0450779760 -0.0059424304 17.2424345286 -0.0432534699 0.9018696259 -0.4298375452 -28.4318319976 -0.0140169091 0.4296500366 0.9028866885 150.1039446238 0.0000000000 0.0000000000 0.0000000000 1.0000000000
20230803 18 07 59.079 0.9989621165 0.0453953250 -0.0037355377 17.2565781707 -0.0426404167 0.9031911381 -0.4271153977 -28.4455275694 -0.0160151377 0.4268313866 0.9041894065 150.1802503550 0.0000000000 0.0000000000 0.0000000000 1.0000000000
20230803 18 07 59.136 0.9990127042 0.0437444149 -0.0077487375 17.2377149090 -0.0428255559 0.9018872703 -0.4298433708 -28.4098510399 -0.0118147590 0.4297508322 0.9028702197 150.0869907788 0.0000000000 0.0000000000 0.0000000000 1.0000000000
20230803 18 07 59.193 0.9989902982 0.0442473229 -0.0077819373 17.2380126133 -0.0433109140 0.9024771131 -0.4285548099 -28.4565590906 -0.0119393827 0.4284591401 0.9034822723 150.1103856754 0.0000000000 0.0000000000 0.0000000000 1.0000000000
20230803 18 07 59.251 0.9989807609 0.0440303894 -0.0099380114 17.2434093553 -0.0440067874 0.9010641550 -0.4314473215 -28.4856334319 -0.0100420077 0.4314449135 0.9020833912 150.0143677679 0.0000000000 0.0000000000 0.0000000000 1.0000000000
20230803 18 07 59.311 0.9989931492 0.0444802068 -0.0058480026 17.2593022378 -0.0426729425 0.9018882320 -0.4298565306 -28.5752657863 -0.0138458627 0.4296732807 0.9028782664 150.1526508702 0.0000000000 0.0000000000 0.0000000000 1.0000000000
20230803 18 07 59.450 0.9990266116 0.0436396943 -0.0064347794 17.2596208872 -0.0421511419 0.9014115186 -0.4309066667 -28.5925881867 -0.0130042509 0.4307584604 0.9023735580 150.1312359593 0.0000000000 0.0000000000 0.0000000000 1.0000000000
20230803 18 07 59.508 0.9989886074 0.0445469257 -0.0061101307 17.2619038556 -0.0428635828 0.9024407946 -0.4286762478 -28.6172526159 -0.0135821778 0.4285045899 0.9034375135 150.1888271150 0.0000000000 0.0000000000 0.0000000000 1.0000000000
20230803 18 07 59.566 0.9990198999 0.0440716847 -0.0041141367 17.2711828303 -0.0415837524 0.9026316779 -0.4284003333 -28.6663185616 -0.0151667743 0.4281515394 0.9035796746 150.1752907701 0.0000000000 0.0000000000 0.0000000000 1.0000000000
20230803 18 07 59.623 0.9989910582 0.0447806280 -0.0034001536 17.2569543098 -0.0418777062 0.9015294148 -0.4306866286 -28.7278300399 -0.0162210792 0.4303944815 0.9024951340 150.2681723986 0.0000000000 0.0000000000 0.0000000000 1.0000000000
20230803 18 07 59.681 0.9989483031 0.0458318230 0.0013159211 17.2632755946 -0.0408378547 0.9024153452 -0.4289275165 -28.7698394868 -0.0208460374 0.4284226753 0.9033379511 150.2973054622 0.0000000000 0.0000000000 0.0000000000 1.0000000000
20230803 18 07 59.738 0.9989963798 0.0447518572 -0.0018720360 17.2627011872 -0.0412147485 0.9020655317 -0.4296267229 -28.7781998296 -0.0175378946 0.4292726964 0.9030046370 150.2537185493 0.0000000000 0.0000000000 0.0000000000 1.0000000000
20230803 18 07 59.796 0.9989965141 0.0442746187 -0.0067618710 17.2644834822 -0.0428603501 0.9012265788 -0.4312234271 -28.7561340972 -0.0129982750 0.4310805166 0.9022198363 150.1797685871 0.0000000000 0.0000000000 0.0000000000 1.0000000000
20230803 18 07 59.856 0.9989495944 0.0457465746 -0.0026379444 17.2580569870 -0.0424158526 0.9013660331 -0.4309758343 -28.7961136596 -0.0173379147 0.4306350256 0.9023596132 150.1897243449 0.0000000000 0.0000000000 0.0000000000 1.0000000000
20230803 18 07 59.913 0.9989121365 0.0465007569 0.0034961747 17.2754728812 -0.0405165203 0.9025854047 -0.4286000453 -28.8592981584 -0.0230858228 0.4279921342 0.9034875638 150.2957349800 0.0000000000 0.0000000000 0.0000000000 1.0000000000
20230803 18 07 59.970 0.9989643974 0.0454978600 0.0002784508 17.2883180673 -0.0409071640 0.9008152639 -0.4322712856 -28.8629492754 -0.0199182512 0.4318122336 0.9017435656 150.2024004032 0.0000000000 0.0000000000 0.0000000000 1.0000000000
20230803 18 08 00.028 0.9989096229 0.0463295769 0.0057563510 17.2855366087 -0.0393558304 0.9019745969 -0.4299917967 -28.9021910386 -0.0251134204 0.4292963975 0.9028144434 150.3361487202 0.0000000000 0.0000000000 0.0000000000 1.0000000000
20230803 18 08 00.085 0.9989612776 0.0454813431 0.0027952376 17.2966752648 -0.0399085589 0.9028677942 -0.4280619735 -28.8703398299 -0.0219925635 0.4275057820 0.9037450600 150.2922482605 0.0000000000 0.0000000000 0.0000000000 1.0000000000
20230803 18 08 00.143 0.9989817754 0.0450933367 0.0014154450 17.2976582222 -0.0401198716 0.9022763955 -0.4292874352 -28.8689370463 -0.0206351255 0.4287935367 0.9031668143 150.2680578874 0.0000000000 0.0000000000 0.0000000000 1.0000000000
20230803 18 08 00.200 0.9989372722 0.0459080096 0.0040964373 17.3248608242 -0.0398015985 0.9040405342 -0.4255896443 -28.8756275086 -0.0232413189 0.4249743136 0.9049069974 150.4038453167 0.0000000000 0.0000000000 0.0000000000 1.0000000000
20230803 18 08 00.257 0.9989362816 0.0460212713 0.0028892768 17.3243170064 -0.0403164530 0.9020832287 -0.4296747981 -28.8247525327 -0.0223805486 0.4291012597 0.9029790806 150.1783106504 0.0000000000 0.0000000000 0.0000000000 1.0000000000
20230803 18 08 00.315 0.9989667491 0.0454097561 0.0018407275 17.3235251718 -0.0402508941 0.9028309718 -0.4281075822 -28.8301758093 -0.0211021267 0.4275911487 0.9037259041 150.1898870514 0.0000000000 0.0000000000 0.0000000000 1.0000000000
20230803 18 08 00.372 0.9989617374 0.0454347720 0.0033359819 17.3153176883 -0.0396298722 0.9027768254 -0.4282796712 -28.8020887445 -0.0224704364 0.4277027999 0.9036400801 150.2244326108 0.0000000000 0.0000000000 0.0000000000 1.0000000000
