20230803 18 05 59.821 0.9999336365 0.0071482596 0.0090346592 43.5707140162 -0.0058222950 0.9902610202 -0.1391014477 -29.6706757192 -0.0099410041 0.1390396140 0.9902369222 156.4806996574 0.0000000000 0.0000000000 0.0000000000 1.0000000000
20230803 18 05 59.878 0.9999419040 0.0085720007 0.0065352448 43.5289080859 -0.0075493019 0.9896891850 -0.1430326014 -29.6399525094 -0.0076939366 0.1429749553 0.9896964007 156.3785036352 0.0000000000 0.0000000000 0.0000000000 1.0000000000
20230803 18 05 59.935 0.9999301357 0.0093784069 0.0071950757 43.5557045926 -0.0082392804 0.9894489406 -0.1446475312 -29.6542878406 -0.0084757235 0.1445781433 0.9894570848 156.4307433641 0.0000000000 0.0000000000 0.0000000000 1.0000000000
20230803 18 05 59.992 0.9999249955 0.0076071313 0.0095986952 43.5647688737 -0.0061753614 0.9899546771 -0.1412501407 -29.6687345972 -0.0105767816 0.1411802709 0.9899274028 156.4512582609 0.0000000000 0.0000000000 0.0000000000 1.0000000000
20230803 18 06 00.053 0.9999494127 0.0082277276 0.0057858851 43.5278378494 -0.0073535437 0.9904619773 -0.1375899591 -29.6442537743 -0.0068627519 0.1375404520 0.9904723755 156.3719460576 0.0000000000 0.0000000000 0.0000000000 1.0000000000
20230803 18 06 00.110 0.9999210219 0.0105228408 0.0068716589 43.5626252460 -0.0093585809 0.9883765449 -0.1517373471 -29.6220495025 -0.0083884944 0.1516610542 0.9883969637 156.4452172401 0.0000000000 0.0000000000 0.0000000000 1.0000000000
20230803 18 06 00.167 0.9999147480 0.0099833414 0.0084160309 43.5699514609 -0.0086046875 0.9885926143 -0.1503682224 -29.6240401607 -0.0098212033 0.1502829859 0.9885942384 156.4974984907 0.0000000000 0.0000000000 0.0000000000 1.0000000000
20230803 18 06 00.225 0.9998753373 0.0097822938 0.0123942159 43.6073552306 -0.0078994205 0.9895795354 -0.1437704500 -29.6518981267 -0.0136714672 0.1436546201 0.9895334462 156.5479994059 0.0000000000 0.0000000000 0.0000000000 1.0000000000
20230803 18 06 00.281 0.9998958785 0.0090671373 0.0112258243 43.6098783496 -0.0073536402 0.9895155887 -0.1442387730 -29.6680806028 -0.0124159609 0.1441412040 0.9894792354 156.5373550115 0.0000000000 0.0000000000 0.0000000000 1.0000000000
20230803 18 06 00.339 0.9999273423 0.0103737386 0.0061396820 43.5850631164 -0.0093636216 0.9891866314 -0.1463630107 -29.6918344673 -0.0075916230 0.1462948867 0.9892118951 156.4331239977 0.0000000000 0.0000000000 0.0000000000 1.0000000000
20230803 18 06 00.396 0.9999509484 0.0073749670 0.0066113969 43.5965380347 -0.0063982952 0.9905225702 -0.1372009468 -29.7279010019 -0.0075605903 0.1371519152 0.9905211707 156.4099667358 0.0000000000 0.0000000000 0.0000000000 1.0000000000
20230803 18 06 00.453 0.9999345489 0.0083487671 0.0078227813 43.6111180520 -0.0071703760 0.9901061912 -0.1401367753 -29.7206986059 -0.0089153535 0.1400715109 0.9901012515 156.4445991572 0.0000000000 0.0000000000 0.0000000000 1.0000000000
20230803 18 06 00.513 0.9999321722 0.0096224372 0.0065619923 43.6316582750 -0.0085735940 0.9894700385 -0.1444836893 -29.7171899155 -0.0078831800 0.1444176294 0.9894854237 156.5111221934 0.0000000000 0.0000000000 0.0000000000 1.0000000000
20230803 18 06 00.572 0.9999195987 0.0095390053 0.0083548551 43.6113668893 -0.0082332094 0.9894894054 -0.1443708104 -29.7088902330 -0.0096441945 0.1442904155 0.9894883857 156.4817036576 0.0000000000 0.0000000000 0.0000000000 1.0000000000
20230803 18 06 00.629 0.9999361398 0.0080358403 0.0079461733 43.5983993202 -0.0068277325 0.9898656764 -0.1418426057 -29.7264639564 -0.0090054687 0.1417792932 0.9898573299 156.3941700706 0.0000000000 0.0000000000 0.0000000000 1.0000000000
20230803 18 06 00.687 0.9999283025 0.0093730921 0.0074521792 43.6228626621 -0.0081840944 0.9892371609 -0.1460919576 -29.7874636731 -0.0087413060 0.1460204938 0.9892429454 156.4697439078 0.0000000000 0.0000000000 0.0000000000 1.0000000000
20230803 18 06 00.744 0.9999435835 0.0087013554 0.0060923099 43.6011137205 -0.0077588430 0.9900424413 -0.1405552019 -29.8052409743 -0.0072546661 0.1405000030 0.9900540990 156.3714893060 0.0000000000 0.0000000000 0.0000000000 1.0000000000
20230803 18 06 00.801 0.9999369754 0.0095792636 0.0058551645 43.6083182288 -0.0086156059 0.9891180000 -0.1468718943 -29.8097697538 -0.0071983731 0.1468121919 0.9891381924 156.3785170184 0.0000000000 0.0000000000 0.0000000000 1.0000000000
20230803 18 06 00.858 0.9999096309 0.0081135041 0.0107191887 43.6357102713 -0.0065165126 0.9899287748 -0.1414162503 -29.8511482991 -0.0117586146 0.1413336189 0.9898921876 156.4905204198 0.0000000000 0.0000000000 0.0000000000 1.0000000000
20230803 18 06 00.915 0.9999169707 0.0092757315 0.0089449658 43.6373783059 -0.0079212873 0.9899654231 -0.1410876123 -29.8851265051 -0.0101638976 0.1410050422 0.9899567027 156.4901573262 0.0000000000 0.0000000000 0.0000000000 1.0000000000
20230803 18 06 00.973 0.9999409889 0.0088067443 0.0063608086 43.6136807567 -0.0078015894 0.9895925650 -0.1436860834 -29.9093631038 -0.0075600155 0.1436279799 0.9896028747 156.3594803245 0.0000000000 0.0000000000 0.0000000000 1.0000000000
20230803 18 06 01.029 0.9999154838 0.0086121496 0.0097394160 43.6447057737 -0.0071414750 0.9898305760 -0.1420719190 -29.9823677658 -0.0108639164 0.1419903578 0.9898084227 156.4858725056 0.0000000000 0.0000000000 0.0000000000 1.0000000000
20230803 18 06 01.087 0.9999061367 0.0079561815 0.0111542350 43.6707689189 -0.0063972430 0.9910384420 -0.1334236923 -30.0235912569 -0.0121158188 0.1333398123 0.9909963175 156.5371860459 0.0000000000 0.0000000000 0.0000000000 1.0000000000
20230803 18 06 01.144 0.9999087678 0.0074012600 0.0112994456 43.6795113677 -0.0058301968 0.9910673208 -0.1332350350 -30.0192119891 -0.0121846184 0.1331570016 0.9910200543 156.5164653211 0.0000000000 0.0000000000 0.0000000000 1.0000000000
20230803 18 06 01.201 0.9998992157 0.0081095627 0.0116530453 43.7041468194 -0.0064362200 0.9905405009 -0.1370696583 -30.0415140070 -0.0126543883 0.1369808422 0.9904928649 156.5577756748 0.0000000000 0.0000000000 0.0000000000 1.0000000000
20230803 18 06 01.259 0.9999485552 0.0074030408 0.0069341091 43.6474886160 -0.0064105639 0.9910164651 -0.1335861913 -30.0027639175 -0.0078607604 0.1335348674 0.9910129402 156.3403950624 0.0000000000 0.0000000000 0.0000000000 1.0000000000
20230803 18 06 01.316 0.9999084850 0.0089958187 0.0101042983 43.6800931795 -0.0074670217 0.9897974278 -0.1422859641 -30.0655442335 -0.0112811872 0.1421974938 0.9897740184 156.4491965320 0.0000000000 0.0000000000 0.0000000000 1.0000000000
20230803 18 06 01.452 0.9999430366 0.0076997672 0.0073917004 43.6463176228 -0.0066449211 0.9910370969 -0.1334215788 -30.0257400066 -0.0083527644 0.1333648613 0.9910318083 156.3400630705 0.0000000000 0.0000000000 0.0000000000 1.0000000000
20230803 18 06 01.511 0.9999482504 0.0083315595 0.0058379509 43.6495154685 -0.0074750017 0.9909670223 -0.1338972927 -29.9549959061 -0.0069007900 0.1338467249 0.9909780186 156.3812269938 0.0000000000 0.0000000000 0.0000000000 1.0000000000
20230803 18 06 01.569 0.9999095195 0.0083438368 0.0105514573 43.6673488195 -0.0067961451 0.9902635441 -0.1390392951 -29.8629730780 -0.0116088446 0.1389550055 0.9902306505 156.4506313505 0.0000000000 0.0000000000 0.0000000000 1.0000000000
20230803 18 06 01.627 0.9999286462 0.0088725233 0.0079988073 43.6439039378 -0.0076599032 0.9900347636 -0.1406146961 -29.8192498819 -0.0091667044 0.1405433927 0.9900320835 156.4001803311 0.0000000000 0.0000000000 0.0000000000 1.0000000000
20230803 18 06 01.684 0.9999036922 0.0082840362 0.0111346800 43.7016834198 -0.0066190321 0.9898400028 -0.1420315362 -29.8479194009 -0.0121981461 0.1419441566 0.9897995058 156.5696634553 0.0000000000 0.0000000000 0.0000000000 1.0000000000
20230803 18 06 01.741 0.9999276969 0.0083097628 0.0086918769 43.6238453263 -0.0070193812 0.9902412394 -0.1391869826 -29.7970683247 -0.0097636658 0.1391159074 0.9902279713 156.3583442721 0.0000000000 0.0000000000 0.0000000000 1.0000000000
20230803 18 06 01.799 0.9999027529 0.0092918468 0.0103993381 43.6728383850 -0.0076756396 0.9892697572 -0.1458987047 -29.7898375885 -0.0116434191 0.1458046949 0.9892448745 156.5227805674 0.0000000000 0.0000000000 0.0000000000 1.0000000000
20230803 18 06 01.856 0.9998872979 0.0103509371 0.0108742658 43.6392185238 -0.0086251125 0.9889132845 -0.1482434592 -29.7133533687 -0.0122881646 0.1481329601 0.9888911099 156.4484618365 0.0000000000 0.0000000000 0.0000000000 1.0000000000
20230803 18 06 01.913 0.9999405788 0.0082653339 0.0071079674 43.6202075664 -0.0071865891 0.9900837050 -0.1402947253 -29.6298519432 -0.0081970654 0.1402353067 0.9900842726 156.3757105060 0.0000000000 0.0000000000 0.0000000000 1.0000000000
20230803 18 06 01.971 0.9999389177 0.0085923857 0.0069521084 43.6116122033 -0.0074987047 0.9894917477 -0.1443947736 -29.6017914467 -0.0081197494 0.1443338218 0.9894957390 156.3826535369 0.0000000000 0.0000000000 0.0000000000 1.0000000000
20230803 18 06 02.028 0.9999409846 0.0085567142 0.0066940181 43.6010253628 -0.0075247415 0.9899299957 -0.1413576379 -29.5985402618 -0.0078361662 0.1412989248 0.9899359617 156.3962305036 0.0000000000 0.0000000000 0.0000000000 1.0000000000
20230803 18 06 02.089 0.9999163842 0.0090680014 0.0092193282 43.6392521773 -0.0076364060 0.9894114889 -0.1449365063 -29.6258701110 -0.0104359937 0.1448539848 0.9893980054 156.4754164595 0.0000000000 0.0000000000 0.0000000000 1.0000000000
20230803 18 06 02.147 0.9999459313 0.0076778616 0.0070131928 43.5968120643 -0.0066417079 0.9904949293 -0.1373888017 -29.6216010153 -0.0080013841 0.1373347936 0.9904923686 156.3719688190 0.0000000000 0.0000000000 0.0000000000 1.0000000000
20230803 18 06 02.204 0.9999294717 0.0093981500 0.0072612982 43.5935446856 -0.0082519314 0.9894943283 -0.1443359965 -29.6054416717 -0.0085415047 0.1442658970 0.9895020938 156.4098750650 0.0000000000 0.0000000000 0.0000000000 1.0000000000
20230803 18 06 02.261 0.9999376512 0.0088018459 0.0068717682 43.5999655944 -0.0077380501 0.9898535333 -0.1418806018 -29.5943863298 -0.0080508553 0.1418185817 0.9898599263 156.4858377095 0.0000000000 0.0000000000 0.0000000000 1.0000000000
20230803 18 06 02.318 0.9999137731 0.0099409400 0.0085804459 43.5966585989 -0.0085587595 0.9889031881 -0.1483146394 -29.6069566708 -0.0099596172 0.1482284127 0.9889030001 156.4553291566 0.0000000000 0.0000000000 0.0000000000 1.0000000000
20230803 18 06 02.375 0.9999436187 0.0087762427 0.0059780444 43.5816968623 -0.0078225307 0.9895151677 -0.1442169926 -29.5951163371 -0.0071810490 0.1441620980 0.9895280299 156.3861801732 0.0000000000 0.0000000000 0.0000000000 1.0000000000
20230803 18 06 02.432 0.9999038425 0.0086801062 0.0108148781 43.6325640039 -0.0070263101 0.9894749468 -0.1445335971 -29.6735489412 -0.0119556180 0.1444437104 0.9894407904 156.6177110637 0.0000000000 0.0000000000 0.0000000000 1.0000000000
20230803 18 06 02.489 0.9999489755 0.0083997966 0.0056115788 43.5558058194 -0.0075132336 0.9897380859 -0.1426957346 -29.6455953885 -0.0067526084 0.1426462925 0.9897506946 156.3529760833 0.0000000000 0.0000000000 0.0000000000 1.0000000000
20230803 18 06 02.546 0.9999252553 0.0085726762 0.0087173979 43.5910073942 -0.0072667942 0.9901058496 -0.1401342224 -29.6525650342 -0.0098324720 0.1400604006 0.9900941403 156.4225094702 0.0000000000 0.0000000000 0.0000000000 1.0000000000
20230803 18 06 02.604 0.9999129393 0.0085359009 0.0100624119 43.6086638259 -0.0070476243 0.9901781463 -0.1396336978 -29.6660543655 -0.0111554798 0.1395506251 0.9901520986 156.5470094977 0.0000000000 0.0000000000 0.0000000000 1.0000000000
20230803 18 06 02.661 0.9998752096 0.0092509452 0.0128056744 43.6362576419 -0.0073134873 0.9895744323 -0.1438365597 -29.6646784281 -0.0140027921 0.1437249561 0.9895185995 156.6323923334 0.0000000000 0.0000000000 0.0000000000 1.0000000000
20230803 18 06 02.719 0.9999201038 0.0089983642 0.0088778098 43.5981078536 -0.0076423229 0.9897728195 -0.1424477473 -29.6397071837 -0.0100688116 0.1423685192 0.9897625088 156.4986408913 0.0000000000 0.0000000000 0.0000000000 1.0000000000
20230803 18 06 02.776 0.9999159970 0.0090882457 0.0092413554 43.5956479503 -0.0077118714 0.9902092269 -0.1393779541 -29.6718039671 -0.0104175764 0.1392949778 0.9901961337 156.4842867852 0.0000000000 0.0000000000 0.0000000000 1.0000000000
20230803 18 06 02.833 0.9999191920 0.0096779707 0.0082429538 43.5892500546 -0.0083804671 0.9893911737 -0.1450340417 -29.6818949830 -0.0095591409 0.1449532420 0.9893923289 156.4724769177 0.0000000000 0.0000000000 0.0000000000 1.0000000000
20230803 18 06 02.890 0.9999288108 0.0093821728 0.0073721221 43.5713904835 -0.0082396581 0.9898181186 -0.1420992615 -29.6852946923 -0.0086302598 0.1420284018 0.9898249601 156.4611111999 0.0000000000 0.0000000000 0.0000000000 1.0000000000
20230803 18 06 02.948 0.9999202428 0.0083302254 0.0094929108 43.5941047951 -0.0069037798 0.9899177648 -0.1414749336 -29.6734824144 -0.0105757191 0.1413981130 0.9898963218 156.5264228852 0.0000000000 0.0000000000 0.0000000000 1.0000000000
20230803 18 06 03.005 0.9999111340 0.0090751834 0.0097655054 43.5866627163 -0.0075897515 0.9897443185 -0.1426484482 -29.6553842559 -0.0109599143 0.1425616538 0.9897252422 156.5196284687 0.0000000000 0.0000000000 0.0000000000 1.0000000000
20230803 18 06 03.063 0.9999303824 0.0089269491 0.0077162103 43.5749375784 -0.0077538262 0.9900390208 -0.1405795696 -29.6334492089 -0.0088942959 0.1405099527 0.9900393147 156.3973978148 0.0000000000 0.0000000000 0.0000000000 1.0000000000
20230803 18 06 03.119 0.9998818332 0.0089273525 0.0125148706 43.6165214326 -0.0070567267 0.9898034158 -0.1422652478 -29.6716077823 -0.0136573137 0.1421601228 0.9897494518 156.5673562010 0.0000000000 0.0000000000 0.0000000000 1.0000000000
20230803 18 06 03.177 0.9999311899 0.0092523875 0.0072117136 43.5968544539 -0.0081067993 0.9893580800 -0.1452751504 -29.6922402680 -0.0084791091 0.1452066901 0.9893650094 156.5168653663 0.0000000000 0.0000000000 0.0000000000 1.0000000000
20230803 18 06 03.235 0.9999223335 0.0091599799 0.0084511426 43.5851646066 -0.0078640525 0.9897858799 -0.1423448935 -29.6652431567 -0.0096686979 0.1422673778 0.9897810412 156.4029876899 0.0000000000 0.0000000000 0.0000000000 1.0000000000
20230803 18 06 03.292 0.9999216032 0.0088033872 0.0089043659 43.6045308620 -0.0074345330 0.9896180840 -0.1435297028 -29.6571398875 -0.0100754691 0.1434522508 0.9896059502 156.4611452938 0.0000000000 0.0000000000 0.0000000000 1.0000000000
20230803 18 06 03.425 0.9999393086 0.0085294040 0.0069734002 43.5815025664 -0.0074536447 0.9898505252 -0.1419168103 -29.6242295771 -0.0081130897 0.1418562199 0.9898540249 156.4013159747 0.0000000000 0.0000000000 0.0000000000 1.0000000000
20230803 18 06 03.483 0.9998931797 0.0108192954 0.0098271057 43.6464213667 -0.0092556375 0.9890664245 -0.1471799618 -29.7082446935 -0.0113120437 0.1470732839 0.9890609116 156.5677406677 0.0000000000 0.0000000000 0.0000000000 1.0000000000
20230803 18 06 03.541 0.9999440118 0.0086895458 0.0060386352 43.5977596327 -0.0077555230 0.9900586854 -0.1404409176 -29.7220109794 -0.0071989710 0.1403862218 0.9900706457 156.3743314814 0.0000000000 0.0000000000 0.0000000000 1.0000000000
20230803 18 06 03.598 0.9999470470 0.0081954269 0.0062240004 43.6063623275 -0.0072567998 0.9903778283 -0.1381994793 -29.7466400863 -0.0072967157 0.1381469949 0.9903848574 156.4019323987 0.0000000000 0.0000000000 0.0000000000 1.0000000000
20230803 18 06 03.655 0.9999542136 0.0085774468 0.0042424127 43.6043558426 -0.0078910544 0.9899099830 -0.1414777607 -29.7230260883 -0.0054131246 0.1414378058 0.9899323437 156.3752765299 0.0000000000 0.0000000000 0.0000000000 1.0000000000
20230803 18 06 03.713 0.9999506059 0.0091922977 0.0037798698 43.5832096332 -0.0085570469 0.9896760795 -0.1430665391 -29.7100380132 -0.0050559569 0.1430271279 0.9897058543 156.3014587492 0.0000000000 0.0000000000 0.0000000000 1.0000000000
20230803 18 06 03.771 0.9999131979 0.0092547236 0.0093779891 43.6513994552 -0.0078148557 0.9896365555 -0.1433820634 -29.7735698045 -0.0106077622 0.1432963299 0.9896229773 156.4958447304 0.0000000000 0.0000000000 0.0000000000 1.0000000000
20230803 18 06 03.828 0.9999332394 0.0083792748 0.0079564124 43.6731343183 -0.0072037452 0.9904421164 -0.1377407717 -29.8375754042 -0.0090345337 0.1376742600 0.9904363560 156.4949093243 0.0000000000 0.0000000000 0.0000000000 1.0000000000
20230803 18 06 03.885 0.9999058385 0.0098100865 0.0095956455 43.6690623394 -0.0083334875 0.9896345280 -0.1433668512 -29.9134266915 -0.0109026233 0.1432733863 0.9896230947 156.5261768731 0.0000000000 0.0000000000 0.0000000000 1.0000000000
20230803 18 06 03.943 0.9998966437 0.0089242453 0.0112720778 43.6858068456 -0.0072558582 0.9900919690 -0.1402328260 -29.9677521977 -0.0124118658 0.1401365435 0.9900543898 156.5448030090 0.0000000000 0.0000000000 0.0000000000 1.0000000000
20230803 18 06 04.000 0.9999432894 0.0077549276 0.0072992574 43.6652708265 -0.0067363254 0.9914264379 -0.1304922991 -29.9269738065 -0.0082486350 0.1304357286 0.9914224532 156.3847041692 0.0000000000 0.0000000000 0.0000000000 1.0000000000
20230803 18 06 04.057 0.9999420273 0.0083768554 0.0067653829 43.6812139101 -0.0073666759 0.9904643612 -0.1375720952 -29.9449059421 -0.0078532922 0.1375142813 0.9904686508 156.4554321034 0.0000000000 0.0000000000 0.0000000000 1.0000000000
20230803 18 06 04.114 0.9999311203 0.0086802352 0.0078998858 43.6801732998 -0.0075369711 0.9908530930 -0.1347343392 -29.9443646380 -0.0089971520 0.1346655175 0.9908502660 156.4431926472 0.0000000000 0.0000000000 0.0000000000 1.0000000000
20230803 18 06 04.172 0.9999477475 0.0069181492 0.0075260560 43.6777538015 -0.0058673096 0.9912787872 -0.1316508286 -29.9912426191 -0.0083711998 0.1315997919 0.9912675813 156.3958554157 0.0000000000 0.0000000000 0.0000000000 1.0000000000
20230803 18 06 04.230 0.9999224791 0.0083952739 0.0091953923 43.7063831377 -0.0070508808 0.9904683321 -0.1375600530 -30.0690637732 -0.0102625992 0.1374845536 0.9904507442 156.4675274913 0.0000000000 0.0000000000 0.0000000000 1.0000000000
20230803 18 06 04.288 0.9999460695 0.0079290989 0.0067072730 43.7027029420 -0.0069552573 0.9908918352 -0.1344804643 -30.1438455615 -0.0077124910 0.1344265609 0.9908935448 156.4301245151 0.0000000000 0.0000000000 0.0000000000 1.0000000000
20230803 18 06 04.346 0.9999091641 0.0087055902 0.0102896156 43.7286294522 -0.0071971063 0.9903375272 -0.1384910967 -30.1385403912 -0.0113958392 0.1384044612 0.9903102241 156.5089537026 0.0000000000 0.0000000000 0.0000000000 1.0000000000
20230803 18 06 04.403 0.9999450807 0.0079110206 0.0068739546 43.6889498643 -0.0069057837 0.9907353197 -0.1356312520 -30.0497830642 -0.0078832512 0.1355763332 0.9907355410 156.3813840491 0.0000000000 0.0000000000 0.0000000000 1.0000000000
20230803 18 06 04.461 0.9999506359 0.0076425133 0.0063496317 43.6704073445 -0.0067370231 0.9912155726 -0.1320844468 -29.9835801544 -0.0073033110 0.1320351490 0.9912181299 156.3508024760 0.0000000000 0.0000000000 0.0000000000 1.0000000000
20230803 18 06 04.519 0.9999311875 0.0085688699 0.0080121627 43.7023269498 -0.0073950262 0.9906086945 -0.1365273892 -29.9636680251 -0.0091068034 0.1364587443 0.9906038952 156.4192627558 0.0000000000 0.0000000000 0.0000000000 1.0000000000
20230803 18 06 04.576 0.9999342809 0.0080392007 0.0081734407 43.6779199389 -0.0068663852 0.9908795402 -0.1345755905 -29.9303270000 -0.0091807754 0.1345106243 0.9908696207 156.3916135552 0.0000000000 0.0000000000 0.0000000000 1.0000000000
20230803 18 06 04.634 0.9999561610 0.0072404794 0.0059373053 43.6425595445 -0.0063860150 0.9910836190 -0.1330882378 -29.9014693958 -0.0068479887 0.1330444876 0.9910864086 156.2815117535 0.0000000000 0.0000000000 0.0000000000 1.0000000000
20230803 18 06 04.692 0.9999202615 0.0079603727 0.0098032143 43.6808921951 -0.0065404055 0.9905212972 -0.1372034361 -29.8928102680 -0.0108024831 0.1371283787 0.9904943786 156.4271897158 0.0000000000 0.0000000000 0.0000000000 1.0000000000
20230803 18 06 04.750 0.9998983841 0.0082362432 0.0116355354 43.7024544536 -0.0065550332 0.9904411314 -0.1377802484 -29.8580383145 -0.0126591045 0.1376899765 0.9903944757 156.5673735545 0.0000000000 0.0000000000 0.0000000000 1.0000000000
20230803 18 06 04.808 0.9999134402 0.0088063346 0.0097755056 43.6739023115 -0.0072845689 0.9892501353 -0.1460517198 -29.7833732094 -0.0109566005 0.1459678672 0.9892286564 156.5039295465 0.0000000000 0.0000000000 0.0000000000 1.0000000000
20230803 18 06 04.866 0.9999482852 0.0084079218 0.0057213399 43.6051794381 -0.0075259630 0.9901573635 -0.1397560568 -29.7235901514 -0.0068400848 0.1397057708 0.9901694354 156.3296550445 0.0000000000 0.0000000000 0.0000000000 1.0000000000
20230803 18 06 04.927 0.9999314246 0.0083082509 0.0082534307 43.6474563461 -0.0070457267 0.9897407915 -0.1427008175 -29.7139913839 -0.0093543512 0.1426328803 0.9897314573 156.4430541105 0.0000000000 0.0000000000 0.0000000000 1.0000000000
20230803 18 06 04.984 0.9999360035 0.0097770438 0.0056919489 43.6193310599 -0.0088418394 0.9892534665 -0.1459431424 -29.6973782066 -0.0070576727 0.1458834752 0.9892766049 156.4032430595 0.0000000000 0.0000000000 0.0000000000 1.0000000000
20230803 18 06 05.045 0.9999196372 0.0098411732 0.0079919001 43.6268592655 -0.0085657919 0.9891937667 -0.1463636540 -29.7000624591 -0.0093459279 0.1462834349 0.9891985697 156.4783064425 0.0000000000 0.0000000000 0.0000000000 1.0000000000
20230803 18 06 05.103 0.9999214545 0.0098056182 0.0078060693 43.6204138100 -0.0085884262 0.9896782493 -0.1430496482 -29.6749414071 -0.0091281872 0.1429713704 0.9896847293 156.4720719272 0.0000000000 0.0000000000 0.0000000000 1.0000000000
20230803 18 06 05.163 0.9999305137 0.0096500240 0.0067708844 43.6084277845 -0.0085842966 0.9897110722 -0.1428226293 -29.6839961123 -0.0080794610 0.1427545818 0.9897251395 156.4610848422 0.0000000000 0.0000000000 0.0000000000 1.0000000000
20230803 18 06 05.222 0.9999554109 0.0078349862 0.0052715539 43.5541062573 -0.0070324560 0.9904026557 -0.1380330547 -29.6302983735 -0.0063024481 0.1379898279 0.9904135937 156.2984615518 0.0000000000 0.0000000000 0.0000000000 1.0000000000
20230803 18 06 05.280 0.9999049113 0.0104644119 0.0089813420 43.5776077108 -0.0090243620 0.9890029116 -0.1476204653 -29.6774381532 -0.0104273347 0.1475253774 0.9890033032 156.4861232165 0.0000000000 0.0000000000 0.0000000000 1.0000000000
20230803 18 06 05.400 0.9999317866 0.0095409073 0.0067374468 43.5722779775 -0.0084744923 0.9895947789 -0.1436327143 -29.6612523134 -0.0080377286 0.1435658202 0.9896081296 156.4139101994 0.0000000000 0.0000000000 0.0000000000 1.0000000000
20230803 18 06 05.459 0.9999143221 0.0089536023 0.0095489013 43.6105583222 -0.0075104113 0.9898791060 -0.1417143226 -29.6765346046 -0.0107211116 0.1416304647 0.9898615404 156.5424598494 0.0000000000 0.0000000000 0.0000000000 1.0000000000
20230803 18 06 05.518 0.9998902400 0.0096676570 0.0112269493 43.5818005900 -0.0079268580 0.9892687517 -0.1458920896 -29.6681628703 -0.0125169049 0.1457870821 0.9892368037 156.4971944161 0.0000000000 0.0000000000 0.0000000000 1.0000000000
20230803 18 06 05.576 0.9999528487 0.0076902655 0.0059296062 43.5490756670 -0.0068029193 0.9904958067 -0.1373745873 -29.6545473519 -0.0069296971 0.1373277713 0.9905014198 156.3895225318 0.0000000000 0.0000000000 0.0000000000 1.0000000000
20230803 18 06 05.634 0.9999226649 0.0103456759 0.0069015347 43.5821056211 -0.0092155840 0.9890328302 -0.1474080519 -29.7044065971 -0.0083508803 0.1473330504 0.9890516847 156.4945645023 0.0000000000 0.0000000000 0.0000000000 1.0000000000
20230803 18 06 05.694 0.9999140875 0.0101246885 0.0083251634 43.5870002712 -0.0087830028 0.9889723525 -0.1478395917 -29.7200287538 -0.0097301862 0.1477537705 0.9889763125 156.5294529276 0.0000000000 0.0000000000 0.0000000000 1.0000000000
20230803 18 06 05.752 0.9999229953 0.0102659906 0.0069722969 43.5720234691 -0.0090939379 0.9884598185 -0.1512100776 -29.7049863688 -0.0084441566 0.1511350280 0.9884770607 156.5042544647 0.0000000000 0.0000000000 0.0000000000 1.0000000000
20230803 18 06 05.810 0.9999065099 0.0102468749 0.0090538980 43.5848604943 -0.0088170210 0.9892647474 -0.1458681586 -29.7165803663 -0.0104513949 0.1457746929 0.9892626078 156.5391574830 0.0000000000 0.0000000000 0.0000000000 1.0000000000
20230803 18 06 05.868 0.9998762670 0.0107868539 0.0114496456 43.6094193438 -0.0090175594 0.9894380976 -0.1446752731 -29.7515276039 -0.0128893065 0.1445541241 0.9894129426 156.6132156135 0.0000000000 0.0000000000 0.0000000000 1.0000000000
20230803 18 06 05.928 0.9999367329 0.0096758172 0.0057366238 43.5557439093 -0.0087494174 0.9895459137 -0.1439525351 -29.7033668654 -0.0070695111 0.1438932355 0.9895679657 156.3971824502 0.0000000000 0.0000000000 0.0000000000 1.0000000000
20230803 18 06 05.986 0.9998627428 0.0105176408 0.0128013582 43.5889106118 -0.0085255746 0.9891329197 -0.1467766390 -29.7506476818 -0.0142059888 0.1466473539 0.9890868230 156.5743226610 0.0000000000 0.0000000000 0.0000000000 1.0000000000
20230803 18 06 06.047 0.9999003254 0.0103611752 0.0095908934 43.6047111527 -0.0088369672 0.9890668253 -0.1472029995 -29.7422113724 -0.0110112306 0.1471035727 0.9890598019 156.5689547202 0.0000000000 0.0000000000 0.0000000000 1.0000000000
20230803 18 06 06.105 0.9999154305 0.0100742710 0.0082244112 43.5944859001 -0.0087431583 0.9888978322 -0.1483395921 -29.7058561165 -0.0096275156 0.1482551398 0.9889022826 156.5238375493 0.0000000000 0.0000000000 0.0000000000 1.0000000000
20230803 18 06 06.163 0.9999106858 0.0095925086 0.0093061333 43.6012699005 -0.0081325158 0.9892660881 -0.1458988318 -29.6848408959 -0.0106057778 0.1458101186 0.9892557439 156.5216870975 0.0000000000 0.0000000000 0.0000000000 1.0000000000
20230803 18 06 06.221 0.9999124019 0.0106558940 0.0078511406 43.5824227067 -0.0093510158 0.9885294580 -0.1507384129 -29.6930275184 -0.0093673363 0.1506517924 0.9885425082 156.5179810243 0.0000000000 0.0000000000 0.0000000000 1.0000000000
20230803 18 06 06.281 0.9998947732 0.0097478638 0.0107434496 43.6039485739 -0.0080380858 0.9887956652 -0.1490587857 -29.7494892589 -0.0120760811 0.1489567439 0.9887699716 156.5872711713 0.0000000000 0.0000000000 0.0000000000 1.0000000000
20230803 18 06 06.368 0.9999102639 0.0094268423 0.0095183387 43.6081632445 -0.0080159932 0.9903026038 -0.1386956984 -29.8044976877 -0.0107334981 0.1386069535 0.9902893034 156.5535409154 0.0000000000 0.0000000000 0.0000000000 1.0000000000
20230803 18 06 06.438 0.9999092846 0.0098957499 0.0091376491 43.6186581797 -0.0084919889 0.9897438129 -0.1426010905 -29.7992018524 -0.0104550763 0.1425105576 0.9897380625 156.5794921536 0.0000000000 0.0000000000 0.0000000000 1.0000000000
20230803 18 06 06.495 0.9999529581 0.0081052442 0.0053279122 43.5905267742 -0.0072735481 0.9899914115 -0.1409400606 -29.7547897928 -0.0064169409 0.1408946777 0.9900037943 156.4460029250 0.0000000000 0.0000000000 0.0000000000 1.0000000000
20230803 18 06 06.552 0.9999254193 0.0078171528 0.0093833906 43.6193882027 -0.0064437988 0.9903583795 -0.1383790363 -29.7722801090 -0.0103746496 0.1383082512 0.9903348900 156.5737373499 0.0000000000 0.0000000000 0.0000000000 1.0000000000
20230803 18 06 06.610 0.9999340800 0.0100776720 0.0055023858 43.6434079487 -0.0091495808 0.9888823557 -0.1484182323 -29.8125502443 -0.0069369225 0.1483581041 0.9889093751 156.5336886653 0.0000000000 0.0000000000 0.0000000000 1.0000000000
20230803 18 06 06.667 0.9999025978 0.0094439018 0.0102765592 43.6369471753 -0.0078816887 0.9897399266 -0.1426630883 -29.8732823279 -0.0115184171 0.1425681960 0.9897179576 156.5452859951 0.0000000000 0.0000000000 0.0000000000 1.0000000000
20230803 18 06 06.724 0.9999202300 0.0092430704 0.0086080912 43.6317049989 -0.0079300260 0.9898728235 -0.1417353447 -29.9177335052 -0.0098309853 0.1416557761 0.9898671592 156.5383836529 0.0000000000 0.0000000000 0.0000000000 1.0000000000
20230803 18 06 06.781 0.9999197299 0.0098847433 0.0079262565 43.6594915468 -0.0086220086 0.9892485447 -0.1459896494 -29.9137271539 -0.0092841080 0.1459095905 0.9892543640 156.5314288765 0.0000000000 0.0000000000 0.0000000000 1.0000000000
20230803 18 06 06.838 0.9998782245 0.0090436238 0.0127180617 43.6845800712 -0.0071590183 0.9899669566 -0.1411175867 -29.9338523264 -0.0138666752 0.1410093531 0.9899111463 156.6556317898 0.0000000000 0.0000000000 0.0000000000 1.0000000000
20230803 18 06 06.895 0.9999366853 0.0088603786 0.0069367862 43.6810324239 -0.0077997929 0.9900793803 -0.1402924942 -29.9130531022 -0.0081110136 0.1402295061 0.9900858029 156.5648396080 0.0000000000 0.0000000000 0.0000000000 1.0000000000
20230803 18 06 06.953 0.9999237217 0.0104680266 0.0065552457 43.6275207129 -0.0093920543 0.9891123914 -0.1468620663 -29.9154334919 -0.0080212308 0.1467892967 0.9891352598 156.4208120906 0.0000000000 0.0000000000 0.0000000000 1.0000000000
20230803 18 06 07.010 0.9999240464 0.0084162406 0.0090037964 43.6694858557 -0.0071125415 0.9906655765 -0.1361290832 -30.0033233496 -0.0100654463 0.1360547038 0.9906501927 156.4754745094 0.0000000000 0.0000000000 0.0000000000 1.0000000000
20230803 18 06 07.067 0.9999342097 0.0088224217 0.0073308331 43.6796187225 -0.0077278844 0.9904230066 -0.1378497292 -30.0686609264 -0.0084767942 0.1377840082 0.9904260250 156.4838191848 0.0000000000 0.0000000000 0.0000000000 1.0000000000
20230803 18 06 07.126 0.9999245773 0.0077842599 0.0094997340 43.7127022133 -0.0064408059 0.9909525975 -0.1340576948 -30.1227345506 -0.0104573260 0.1339863978 0.9909279941 156.5697177095 0.0000000000 0.0000000000 0.0000000000 1.0000000000
20230803 18 06 07.184 0.9999606508 0.0067632711 0.0057406411 43.6712458815 -0.0059474200 0.9912515294 -0.1318523179 -30.0918812340 -0.0065821723 0.1318129876 0.9912527484 156.3955978410 0.0000000000 0.0000000000 0.0000000000 1.0000000000
20230803 18 06 07.244 0.9999677568 0.0064628382 0.0047662346 43.6597879289 -0.0057833782 0.9913780426 -0.1309050390 -30.0798131323 -0.0055711585 0.1308732533 0.9913834545 156.3340452482 0.0000000000 0.0000000000 0.0000000000 1.0000000000
20230803 18 06 07.312 0.9999352428 0.0083286206 0.0077552721 43.7286079253 -0.0071844129 0.9904913022 -0.1373876433 -30.1416501667 -0.0088257792 0.1373230293 0.9904869970 156.4908531172 0.0000000000 0.0000000000 0.0000000000 1.0000000000
20230803 18 06 07.464 0.9999560820 0.0082890923 0.0043732125 43.6480436876 -0.0076306446 0.9910067173 -0.1335943842 -29.9742688629 -0.0054412591 0.1335551465 0.9910264454 156.2398512204 0.0000000000 0.0000000000 0.0000000000 1.0000000000
20230803 18 06 07.522 0.9999475722 0.0077658008 0.0066742159 43.6719557099 -0.0067849732 0.9906650863 -0.1361493695 -29.9082891616 -0.0076692216 0.1360969472 0.9906658387 156.3763527871 0.0000000000 0.0000000000 0.0000000000 1.0000000000
20230803 18 06 07.580 0.9999065031 0.0089264908 0.0103587096 43.7129393597 -0.0074120703 0.9904050055 -0.1379963270 -29.8714824213 -0.0114911408 0.1379066453 0.9903785695 156.5079377334 0.0000000000 0.0000000000 0.0000000000 1.0000000000
20230803 18 06 07.637 0.9998817721 0.0073164526 0.0135244748 43.7198214882 -0.0054234971 0.9908241276 -0.1350486349 -29.8502467635 -0.0143884528 0.1349593184 0.9907466653 156.6158260639 0.0000000000 0.0000000000 0.0000000000 1.0000000000
20230803 18 06 07.694 0.9999532958 0.0086386485 0.0043335960 43.6367202634 -0.0079425614 0.9900073564 -0.1407918677 -29.8070926590 -0.0055065434 0.1407508722 0.9900297318 156.3794702909 0.0000000000 0.0000000000 0.0000000000 1.0000000000
20230803 18 06 07.751 0.9999144503 0.0085861019 0.0098676706 43.7124327105 -0.0070847079 0.9896652667 -0.1432217403 -29.8479943010 -0.0109954073 0.1431395782 0.9896414311 156.6095960690 0.0000000000 0.0000000000 0.0000000000 1.0000000000
20230803 18 06 07.811 0.9999267039 0.0089940315 0.0081051968 43.6571814866 -0.0077431161 0.9896965009 -0.1429716063 -29.7941097327 -0.0093075761 0.1428983676 0.9896936019 156.4588460844 0.0000000000 0.0000000000 0.0000000000 1.0000000000
20230803 18 06 07.897 0.9998581667 0.0100214709 0.0135357562 43.6515121868 -0.0078866123 0.9887358733 -0.1494629526 -29.7305061507 -0.0148811263 0.1493350025 0.9886746730 156.4729272067 0.0000000000 0.0000000000 0.0000000000 1.0000000000
20230803 18 06 07.960 0.9999255859 0.0099034324 0.0071235259 43.6139612700 -0.0087706400 0.9894698140 -0.1444733992 -29.7109429425 -0.0084792964 0.1444001704 0.9894830430 156.3905840864 0.0000000000 0.0000000000 0.0000000000 1.0000000000
20230803 18 06 08.017 0.9999289236 0.0099181430 0.0066165163 43.6188046927 -0.0088923711 0.9900759837 -0.1402514610 -29.7118075320 -0.0079418879 0.1401826559 0.9900938084 156.3551614683 0.0000000000 0.0000000000 0.0000000000 1.0000000000
20230803 18 06 08.074 0.9999329988 0.0097861805 0.0061829296 43.5770715623 -0.0087968239 0.9895915812 -0.1436353659 -29.7024096823 -0.0075242167 0.1435713520 0.9896113646 156.2881057719 0.0000000000 0.0000000000 0.0000000000 1.0000000000
20230803 18 06 08.132 0.9999317355 0.0082944388 0.0082296158 43.6077877020 -0.0070497695 0.9899587266 -0.1411808071 -29.7310534073 -0.0093179955 0.1411131526 0.9899496215 156.4426011584 0.0000000000 0.0000000000 0.0000000000 1.0000000000
20230803 18 06 08.189 0.9999293937 0.0097153888 0.0068424294 43.6228440445 -0.0086310511 0.9895750139 -0.1437595101 -29.7177591892 -0.0081677767 0.1436903024 0.9895889977 156.4967673655 0.0000000000 0.0000000000 0.0000000000 1.0000000000
20230803 18 06 08.246 0.9999283415 0.0100918683 0.0064394156 43.5901351093 -0.0090757703 0.9898311050 -0.1419577891 -29.6714959328 -0.0078065531 0.1418891740 0.9898517667 156.4354255589 0.0000000000 0.0000000000 0.0000000000 1.0000000000
20230803 18 06 08.307 0.9999200899 0.0100909480 0.0076148868 43.5844835618 -0.0088884851 0.9895208497 -0.1441162132 -29.6164433450 -0.0089893585 0.1440370121 0.9895314702 156.4115267679 0.0000000000 0.0000000000 0.0000000000 1.0000000000
20230803 18 06 08.365 0.9999257352 0.0101751281 0.0067075215 43.5836733658 -0.0091093949 0.9896412512 -0.1432732105 -29.6238443718 -0.0080958633 0.1432014689 0.9896604450 156.4627572562 0.0000000000 0.0000000000 0.0000000000 1.0000000000
20230803 18 06 08.422 0.9999015527 0.0101177924 0.0097218961 43.6115338903 -0.0085857254 0.9891851111 -0.1464209726 -29.6606700184 -0.0110982119 0.1463230883 0.9891745971 156.5594062118 0.0000000000 0.0000000000 0.0000000000 1.0000000000
20230803 18 06 08.479 0.9999228604 0.0080375956 0.0094694365 43.5982978857 -0.0066336988 0.9901379389 -0.1399387583 -29.6768454698 -0.0105008195 0.1398651461 0.9901148790 156.5614887708 0.0000000000 0.0000000000 0.0000000000 1.0000000000
20230803 18 06 08.536 0.9999460373 0.0100691108 0.0025564448 43.5283002200 -0.0095824541 0.9890341744 -0.1473756370 -29.6360640920 -0.0040123529 0.1473431872 0.9890772903 156.3410462527 0.0000000000 0.0000000000 0.0000000000 1.0000000000
20230803 18 06 08.593 0.9999043406 0.0099826504 0.0095737302 43.5658087556 -0.0085375444 0.9900254601 -0.1406296506 -29.6531458655 -0.0108820932 0.1405344619 0.9900159822 156.4737451593 0.0000000000 0.0000000000 0.0000000000 1.0000000000
20230803 18 06 08.653 0.9999157698 0.0097802328 0.0085323153 43.5793304989 -0.0084526145 0.9895796911 -0.1437379153 -29.6694972675 -0.0098491962 0.1436536878 0.9895790071 156.5248042217 0.0000000000 0.0000000000 0.0000000000 1.0000000000
20230803 18 06 08.710 0.9999166953 0.0103994713 0.0076454853 43.5831157832 -0.0091540455 0.9889500319 -0.1479663406 -29.7158516543 -0.0090997746 0.1478840271 0.9889628449 156.4856776450 0.0000000000 0.0000000000 0.0000000000 1.0000000000
20230803 18 06 08.767 0.9998953075 0.0101708838 0.0102920917 43.6040771403 -0.0085555619 0.9891948407 -0.1463569936 -29.7508751628 -0.0116694639 0.1462536165 0.9891782970 156.5487275843 0.0000000000 0.0000000000 0.0000000000 1.0000000000
20230803 18 06 08.825 0.9999199872 0.0094719778 0.0083845599 43.5572602588 -0.0082225869 0.9903689231 -0.1382092084 -29.7617823708 -0.0096129221 0.1381292072 0.9903675650 156.4604106025 0.0000000000 0.0000000000 0.0000000000 1.0000000000
20230803 18 06 08.882 0.9999088253 0.0084601621 0.0105245826 43.5995342008 -0.0069159701 0.9902733459 -0.1389635554 -29.7708939509 -0.0115978678 0.1388780977 0.9902415682 156.5433607118 0.0000000000 0.0000000000 0.0000000000 1.0000000000
20230803 18 06 08.939 0.9998891216 0.0104825219 0.0105764443 43.6076568261 -0.0087922683 0.9888239494 -0.1488284017 -29.7007343805 -0.0120183384 0.1487189090 0.9888064753 156.6018999416 0.0000000000 0.0000000000 0.0000000000 1.0000000000
20230803 18 06 08.996 0.9999003531 0.0101222873 0.0098398792 43.5631860455 -0.0085947353 0.9894683426 -0.1444940469 -29.6053771305 -0.0111988592 0.1443950774 0.9894567435 156.4794742849 0.0000000000 0.0000000000 0.0000000000 1.0000000000
20230803 18 06 09.053 0.9999134701 0.0099662226 0.0085864314 43.5639437589 -0.0086070289 0.9892595570 -0.1459158932 -29.5991768018 -0.0099484395 0.1458293634 0.9892597360 156.5198713413 0.0000000000 0.0000000000 0.0000000000 1.0000000000
20230803 18 06 09.110 0.9998914926 0.0107765825 0.0100433204 43.5952280751 -0.0091403690 0.9885353537 -0.1507126674 -29.6189485190 -0.0115523447 0.1506045143 0.9885265923 156.5765884114 0.0000000000 0.0000000000 0.0000000000 1.0000000000
20230803 18 06 09.167 0.9999178572 0.0104798698 0.0073791017 43.5709131121 -0.0092761525 0.9890022444 -0.1476093277 -29.6293778296 -0.0088448747 0.1475287530 0.9890182179 156.4612268614 0.0000000000 0.0000000000 0.0000000000 1.0000000000
20230803 18 06 09.224 0.9999530974 0.0088156837 0.0040108329 43.5335192989 -0.0081507704 0.9896658978 -0.1431606638 -29.6465446072 -0.0052314437 0.1431212578 0.9896913345 156.3369668879 0.0000000000 0.0000000000 0.0000000000 1.0000000000
20230803 18 06 09.281 0.9999343565 0.0098567871 0.0058417856 43.5948554113 -0.0089023190 0.9893225463 -0.1454704371 -29.6968477046 -0.0072132813 0.1454088824 0.9893453520 156.5466723401 0.0000000000 0.0000000000 0.0000000000 1.0000000000
20230803 18 06 09.416 0.9999134857 0.0104428131 0.0079980502 43.6065493040 -0.0091612852 0.9892071317 -0.1462372097 -29.7166670679 -0.0094388562 0.1461512856 0.9892172207 156.5385153393 0.0000000000 0.0000000000 0.0000000000 1.0000000000
20230803 18 06 09.474 0.9999323346 0.0089815885 0.0073930569 43.6123797800 -0.0078398206 0.9898159052 -0.1421372964 -29.7789360606 -0.0085943840 0.1420697184 0.9898193430 156.5131721685 0.0000000000 0.0000000000 0.0000000000 1.0000000000
20230803 18 06 09.531 0.9999165874 0.0085434516 0.0096864662 43.6070164644 -0.0071247951 0.9903994559 -0.1380512770 -29.7980146193 -0.0107729053 0.1379707477 0.9903777145 156.5222895062 0.0000000000 0.0000000000 0.0000000000 1.0000000000
20230803 18 06 09.588 0.9999286997 0.0087370222 0.0081400228 43.6358983860 -0.0074996113 0.9899406626 -0.1412842534 -29.8240934089 -0.0092925432 0.1412131328 0.9899356038 156.5948062168 0.0000000000 0.0000000000 0.0000000000 1.0000000000
20230803 18 06 09.645 0.9999046665 0.0096366088 0.0098890659 43.6617723124 -0.0081064932 0.9894656430 -0.1445407419 -29.8033254170 -0.0111777736 0.1444467967 0.9894494329 156.6129718576 0.0000000000 0.0000000000 0.0000000000 1.0000000000
20230803 18 06 09.702 0.9999557321 0.0085970309 0.0038242526 43.6043534675 -0.0079829732 0.9902851161 -0.1388224080 -29.7352283441 -0.0049805609 0.1387857337 0.9903099081 156.3969557416 0.0000000000 0.0000000000 0.0000000000 1.0000000000
20230803 18 06 09.760 0.9999191362 0.0091402126 0.0088418069 43.6527877603 -0.0077779169 0.9896304785 -0.1434260088 -29.7883325748 -0.0100610658 0.1433456400 0.9896215451 156.5914971937 0.0000000000 0.0000000000 0.0000000000 1.0000000000
20230803 18 06 09.817 0.9999324354 0.0092927456 0.0069835244 43.6474610632 -0.0081765651 0.9892993510 -0.1456706486 -29.8223732286 -0.0082624765 0.1456037052 0.9893084921 156.5341315331 0.0000000000 0.0000000000 0.0000000000 1.0000000000
20230803 18 06 09.875 0.9999233817 0.0087365301 0.0087694795 43.6799379954 -0.0073953688 0.9897286955 -0.1427670055 -29.9112242808 -0.0099266937 0.1426912134 0.9897174740 156.5823978977 0.0000000000 0.0000000000 0.0000000000 1.0000000000
20230803 18 06 09.933 0.9998896949 0.0095172405 0.0114026424 43.6961530118 -0.0077672638 0.9894403141 -0.1447326308 -29.9676875138 -0.0126596894 0.1446280987 0.9894050967 156.6058131438 0.0000000000 0.0000000000 0.0000000000 1.0000000000
