20230803 18 05 59.821 0.9990211029 0.0442092308 -0.0015426653 17.5504912585 -0.0406691256 0.9041862029 -0.4251979923 -28.9786932070 -0.0174028195 0.4248445061 0.9050990485 150.9376310079 0.0000000000 0.0000000000 0.0000000000 1.0000000000
20230803 18 05 59.878 0.9990357843 0.0437110138 -0.0041047455 17.5197249773 -0.0412227189 0.9017597570 -0.4302673915 -28.9438592672 -0.0151059296 0.4300217297 0.9026921529 150.7974866961 0.0000000000 0.0000000000 0.0000000000 1.0000000000
20230803 18 05 59.935 0.9989883033 0.0449058411 -0.0024156257 17.5393901212 -0.0415861801 0.9020244917 -0.4296770950 -28.9564879691 -0.0171160578 0.4293428488 0.9029793789 150.8378674525 0.0000000000 0.0000000000 0.0000000000 1.0000000000
20230803 18 05 59.992 0.9989454282 0.0458783324 0.0017916898 17.5625765119 -0.0406929111 0.9027620837 -0.4282110545 -28.9927312849 -0.0212630787 0.4276865661 0.9036769792 150.9726362283 0.0000000000 0.0000000000 0.0000000000 1.0000000000
20230803 18 06 00.053 0.9990028404 0.0446290402 -0.0012544800 17.5349307621 -0.0408795115 0.9030522772 -0.4275809283 -28.9578140358 -0.0179496654 0.4272058444 0.9039762033 150.8407571833 0.0000000000 0.0000000000 0.0000000000 1.0000000000
20230803 18 06 00.110 0.9989511181 0.0457851895 -0.0006164231 17.5328114451 -0.0415986138 0.9018167517 -0.4301117315 -28.9031542784 -0.0191368464 0.4296862375 0.9027754529 150.7409681752 0.0000000000 0.0000000000 0.0000000000 1.0000000000
20230803 18 06 00.167 0.9990216826 0.0441608069 -0.0023453946 17.5332838450 -0.0408658576 0.9016123001 -0.4306103134 -28.9025452821 -0.0169014622 0.4302848864 0.9025349063 150.7763085167 0.0000000000 0.0000000000 0.0000000000 1.0000000000
20230803 18 06 00.225 0.9989456786 0.0458967474 0.0010098018 17.5785188718 -0.0411117901 0.9041562740 -0.4252190647 -28.9559413042 -0.0204291906 0.4247292324 0.9050899001 150.9736954124 0.0000000000 0.0000000000 0.0000000000 1.0000000000
20230803 18 06 00.281 0.9989705377 0.0452084523 0.0037497662 17.5731687047 -0.0392446053 0.9027230343 -0.4284285055 -28.9590963412 -0.0227535900 0.4278402964 0.9035679028 150.9022889877 0.0000000000 0.0000000000 0.0000000000 1.0000000000
20230803 18 06 00.339 0.9989810829 0.0451069984 0.0014678978 17.5871267545 -0.0402125611 0.9044074989 -0.4247705567 -29.0226013419 -0.0204877026 0.4242787227 0.9052998506 150.9994791379 0.0000000000 0.0000000000 0.0000000000 1.0000000000
20230803 18 06 00.396 0.9989652373 0.0454381764 0.0019562321 17.6044486176 -0.0402465568 0.9032222853 -0.4272817783 -29.0526471380 -0.0211818172 0.4267609114 0.9041163947 150.9375653654 0.0000000000 0.0000000000 0.0000000000 1.0000000000
20230803 18 06 00.453 0.9989278685 0.0460729332 0.0045164633 17.6219256019 -0.0398393326 0.9052427199 -0.4230229848 -29.0647821942 -0.0235784052 0.4223895156 0.9061076955 151.0619043760 0.0000000000 0.0000000000 0.0000000000 1.0000000000
20230803 18 06 00.513 0.9989398458 0.0459309786 0.0030870223 17.6179077905 -0.0402488483 0.9039716952 -0.4256937920 -29.0357735150 -0.0223431133 0.4251182418 0.9048620148 150.9924819140 0.0000000000 0.0000000000 0.0000000000 1.0000000000
20230803 18 06 00.572 0.9989277872 0.0459421754 0.0057089883 17.6071385460 -0.0391288823 0.9037542894 -0.4262594457 -29.0332907739 -0.0247428089 0.4255790185 0.9045829384 151.0077526222 0.0000000000 0.0000000000 0.0000000000 1.0000000000
20230803 18 06 00.629 0.9989718142 0.0453237728 0.0010343981 17.6103086705 -0.0405366786 0.9032119466 -0.4272762072 -29.0564680248 -0.0203000505 0.4267949568 0.9041205521 150.9566435515 0.0000000000 0.0000000000 0.0000000000 1.0000000000
20230803 18 06 00.687 0.9989513571 0.0457575233 0.0015605117 17.6100774751 -0.0406487732 0.9020733674 -0.4296641911 -29.0758456189 -0.0210680653 0.4291501939 0.9029874018 150.8783102418 0.0000000000 0.0000000000 0.0000000000 1.0000000000
20230803 18 06 00.744 0.9989652223 0.0454634400 -0.0012490656 17.6322483330 -0.0416109438 0.9025394069 -0.4285920534 -29.1495791993 -0.0183579382 0.4282005308 0.9034972560 151.0169810634 0.0000000000 0.0000000000 0.0000000000 1.0000000000
20230803 18 06 00.801 0.9989592201 0.0455974512 -0.0011614789 17.6296050194 -0.0417069358 0.9028231123 -0.4279847653 -29.1382027180 -0.0184664045 0.4275877691 0.9037852021 150.9569469016 0.0000000000 0.0000000000 0.0000000000 1.0000000000
20230803 18 06 00.858 0.9989744889 0.0452738203 -0.0005016606 17.6325650389 -0.0411189436 0.9025470336 -0.4286234766 -29.1674723275 -0.0189526499 0.4282045462 0.9034830733 151.0131562156 0.0000000000 0.0000000000 0.0000000000 1.0000000000
20230803 18 06 00.915 0.9989566951 0.0456416320 0.0015371367 17.6382742805 -0.0405597474 0.9021919686 -0.4294235189 -29.2098691600 -0.0209863826 0.4289131534 0.9031019204 151.0534058048 0.0000000000 0.0000000000 0.0000000000 1.0000000000
20230803 18 06 00.973 0.9989514318 0.0456126527 0.0039398888 17.6479120840 -0.0395216699 0.9025838578 -0.4286961828 -29.2583826400 -0.0231100501 0.4280909547 0.9034401254 151.0616248752 0.0000000000 0.0000000000 0.0000000000 1.0000000000
20230803 18 06 01.029 0.9989394383 0.0460034903 0.0019176752 17.6280815901 -0.0406759015 0.9012375011 -0.4314121437 -29.2869470835 -0.0215747452 0.4308766013 0.9021529165 150.9572537291 0.0000000000 0.0000000000 0.0000000000 1.0000000000
20230803 18 06 01.087 0.9989667699 0.0452328446 0.0044025427 17.6560317434 -0.0389350557 0.9017758512 -0.4304467165 -29.3295808510 -0.0234404362 0.4298305527 0.9026052525 151.0331423182 0.0000000000 0.0000000000 0.0000000000 1.0000000000
20230803 18 06 01.144 0.9989427852 0.0459701281 -0.0002433068 17.6517609428 -0.0415670948 0.9009779720 -0.4318690433 -29.3095934100 -0.0196338612 0.4314225785 0.9019362895 150.9314964393 0.0000000000 0.0000000000 0.0000000000 1.0000000000
20230803 18 06 01.201 0.9989041791 0.0464515764 0.0057176887 17.6664265895 -0.0394729740 0.9018047567 -0.4303371528 -29.3298043520 -0.0251460780 0.4296398862 0.9026501221 150.9498603334 0.0000000000 0.0000000000 0.0000000000 1.0000000000
20230803 18 06 01.259 0.9989349235 0.0459678176 0.0039972972 17.6727731132 -0.0397921998 0.9020970995 -0.4296945472 -29.3483674832 -0.0233580708 0.4290778284 0.9029654577 151.0263483229 0.0000000000 0.0000000000 0.0000000000 1.0000000000
20230803 18 06 01.316 0.9989999462 0.0445444973 -0.0038594326 17.6421267564 -0.0417703504 0.8990149497 -0.4359212750 -29.3373263085 -0.0159482064 0.4356465402 0.8999765257 150.7570630803 0.0000000000 0.0000000000 0.0000000000 1.0000000000
20230803 18 06 01.452 0.9989981407 0.0446231294 -0.0033898762 17.6596753719 -0.0417126568 0.9010438851 -0.4317174672 -29.3539849224 -0.0162101572 0.4314263477 0.9020025151 150.8589564259 0.0000000000 0.0000000000 0.0000000000 1.0000000000
20230803 18 06 01.511 0.9988808860 0.0469892059 0.0053842551 17.6557958691 -0.0400190940 0.9003619499 -0.4332976244 -29.2841042307 -0.0252080897 0.4325972419 0.9012348076 150.9894484433 0.0000000000 0.0000000000 0.0000000000 1.0000000000
20230803 18 06 01.569 0.9989976026 0.0447037573 0.0023160493 17.6493266789 -0.0394086760 0.9028498472 -0.4281461313 -29.1865092166 -0.0212307855 0.4276256863 0.9037065487 150.9996980081 0.0000000000 0.0000000000 0.0000000000 1.0000000000
20230803 18 06 01.627 0.9989497558 0.0456076685 0.0043961225 17.6364671108 -0.0393229730 0.9026132057 -0.4286526621 -29.1440046380 -0.0235178468 0.4280296035 0.9034586705 150.9473399458 0.0000000000 0.0000000000 0.0000000000 1.0000000000
20230803 18 06 01.684 0.9989077883 0.0464596885 0.0049726990 17.6532745486 -0.0399485333 0.9043862934 -0.4248406137 -29.1591310423 -0.0242352034 0.4241779458 0.9052545085 151.0455093017 0.0000000000 0.0000000000 0.0000000000 1.0000000000
20230803 18 06 01.741 0.9989495200 0.0458239050 -0.0001622471 17.6150138941 -0.0414445825 0.9019595268 -0.4298271264 -29.1117501025 -0.0195500171 0.4293823259 0.9029111889 150.8749002784 0.0000000000 0.0000000000 0.0000000000 1.0000000000
20230803 18 06 01.799 0.9989693529 0.0453634441 -0.0015459261 17.6202164180 -0.0416582660 0.9027880812 -0.4280633940 -29.0800510223 -0.0180227862 0.4276866123 0.9037473877 150.8859731716 0.0000000000 0.0000000000 0.0000000000 1.0000000000
20230803 18 06 01.856 0.9989238607 0.0458421268 0.0070441450 17.6258101657 -0.0385960965 0.9058491690 -0.4218383866 -29.0556801557 -0.0257189017 0.4211125532 0.9066436762 151.0547647838 0.0000000000 0.0000000000 0.0000000000 1.0000000000
20230803 18 06 01.913 0.9989458058 0.0454517842 0.0064352484 17.6190222252 -0.0384035400 0.9042502796 -0.4252723833 -28.9831485946 -0.0251484637 0.4245769273 0.9050425336 150.9841780944 0.0000000000 0.0000000000 0.0000000000 1.0000000000
20230803 18 06 01.971 0.9989621553 0.0454936795 0.0022220410 17.6052666391 -0.0402549714 0.9046507246 -0.4242482807 -28.9421795208 -0.0213107863 0.4237185287 0.9055431844 150.9766392131 0.0000000000 0.0000000000 0.0000000000 1.0000000000
20230803 18 06 02.028 0.9990220541 0.0441720279 -0.0019409840 17.5743765838 -0.0407435934 0.9026566734 -0.4284283949 -28.9085632915 -0.0171725088 0.4280884977 0.9035736511 150.8252732230 0.0000000000 0.0000000000 0.0000000000 1.0000000000
20230803 18 06 02.089 0.9989876480 0.0449824275 0.0005103038 17.5983568935 -0.0404663726 0.9035329159 -0.4266037301 -28.9270627220 -0.0196507476 0.4261512068 0.9044384982 150.8704780640 0.0000000000 0.0000000000 0.0000000000 1.0000000000
20230803 18 06 02.147 0.9989353371 0.0458505846 0.0050907909 17.6000107703 -0.0393152422 0.9038537231 -0.4260314060 -28.9576599177 -0.0241351193 0.4253776805 0.9046940505 150.9558509102 0.0000000000 0.0000000000 0.0000000000 1.0000000000
20230803 18 06 02.204 0.9990139525 0.0442360370 -0.0037809795 17.5783523175 -0.0415928827 0.9027213521 -0.4282104535 -28.9143425440 -0.0155291625 0.4279454795 0.9036711303 150.8543791729 0.0000000000 0.0000000000 0.0000000000 1.0000000000
20230803 18 06 02.261 0.9989837025 0.0450011775 -0.0025408843 17.5639672781 -0.0417406520 0.9023861841 -0.4289019617 -28.8904940588 -0.0170082344 0.4285721279 0.9033474698 150.8543371482 0.0000000000 0.0000000000 0.0000000000 1.0000000000
20230803 18 06 02.318 0.9989984740 0.0447435776 -0.0002473335 17.5756215144 -0.0405586798 0.9031994226 -0.4273005928 -28.9198617988 -0.0188955657 0.4268826716 0.9041095853 150.9082809849 0.0000000000 0.0000000000 0.0000000000 1.0000000000
20230803 18 06 02.375 0.9989542815 0.0456099532 0.0031742227 17.5746135513 -0.0398712593 0.9030318683 -0.4277192157 -28.9158279962 -0.0223746776 0.4271453815 0.9039060775 150.8854776427 0.0000000000 0.0000000000 0.0000000000 1.0000000000
20230803 18 06 02.432 0.9989679516 0.0453212772 0.0030022605 17.5592690585 -0.0396760122 0.9028902809 -0.4280361605 -28.9399399886 -0.0221098574 0.4274752888 0.9037566219 150.8499598158 0.0000000000 0.0000000000 0.0000000000 1.0000000000
20230803 18 06 02.489 0.9776171770 -0.0101499234 0.2101466971 17.5624210985 -0.0035536562 0.9978965200 0.0647294901 -29.0131240774 -0.2103616571 -0.0640274505 0.9755247095 150.9730418442 0.0000000000 0.0000000000 0.0000000000 1.0000000000
20230803 18 06 02.546 0.9989202412 0.0459282874 0.0069960104 17.5799535290 -0.0385131354 0.9028677787 -0.4281898090 -28.9657701717 -0.0259824970 0.4274580290 0.9036617416 150.8945742248 0.0000000000 0.0000000000 0.0000000000 1.0000000000
20230803 18 06 02.604 0.9989212029 0.0463936855 0.0020140251 17.5670187095 -0.0410603425 0.9026819806 -0.4283448263 -28.9545305948 -0.0216905193 0.4278000326 0.9036131105 150.9007708292 0.0000000000 0.0000000000 0.0000000000 1.0000000000
20230803 18 06 02.661 0.9988710688 0.0466011275 0.0092153598 17.5791182253 -0.0382248754 0.9036732884 -0.4265131260 -28.9545917469 -0.0282036671 0.4256793661 0.9044344257 150.9781278417 0.0000000000 0.0000000000 0.0000000000 1.0000000000
20230803 18 06 02.719 0.9989871164 0.0449266442 -0.0025175110 17.5566423022 -0.0416429916 0.9018775771 -0.4299798799 -28.9243439134 -0.0170470664 0.4296491970 0.9028349600 150.8136557612 0.0000000000 0.0000000000 0.0000000000 1.0000000000
20230803 18 06 02.776 0.9989736772 0.0452815201 0.0010845230 17.5762101474 -0.0404866195 0.9034148524 -0.4268517753 -28.9761475883 -0.0203082714 0.4263697789 0.9043209528 150.9172248435 0.0000000000 0.0000000000 0.0000000000 1.0000000000
20230803 18 06 02.833 0.9989611714 0.0455683560 -0.0003208214 17.5704168716 -0.0413002567 0.9023746757 -0.4289688024 -28.9671300415 -0.0192579019 0.4285364273 0.9033192479 150.8095324589 0.0000000000 0.0000000000 0.0000000000 1.0000000000
20230803 18 06 02.890 0.9988842849 0.0468513603 0.0059275156 17.5706931201 -0.0398440000 0.9034798325 -0.4267747040 -29.0037901335 -0.0253503662 0.4260623690 0.9043385520 150.9588515261 0.0000000000 0.0000000000 0.0000000000 1.0000000000
20230803 18 06 02.948 0.9989873684 0.0449908534 -0.0002467316 17.5694287615 -0.0407932503 0.9034424216 -0.4267642224 -28.9776154564 -0.0189775788 0.4263421325 0.9043628904 150.9548151200 0.0000000000 0.0000000000 0.0000000000 1.0000000000
20230803 18 06 03.005 0.9989066812 0.0464383839 0.0053776135 17.5453574058 -0.0395741659 0.9012271739 -0.4315361704 -28.9242834382 -0.0248862937 0.4308515492 0.9020796056 150.7668976638 0.0000000000 0.0000000000 0.0000000000 1.0000000000
20230803 18 06 03.063 0.9989774473 0.0451800284 -0.0016807331 17.5632334540 -0.0415065136 0.9017458531 -0.4302692480 -28.9279090778 -0.0179239827 0.4298990364 0.9026990359 150.7613920379 0.0000000000 0.0000000000 0.0000000000 1.0000000000
20230803 18 06 03.119 0.9989033074 0.0465647339 0.0048895902 17.5668840345 -0.0399593580 0.9022832118 -0.4292880797 -28.9506247887 -0.0244014804 0.4286218977 0.9031543813 150.8703678633 0.0000000000 0.0000000000 0.0000000000 1.0000000000
20230803 18 06 03.177 0.9989848875 0.0450407416 0.0007252932 17.5691615099 -0.0403992282 0.9029283564 -0.4278881695 -28.9902878383 -0.0199272883 0.4274245136 0.9038313938 150.9047531027 0.0000000000 0.0000000000 0.0000000000 1.0000000000
20230803 18 06 03.235 0.9989365779 0.0460112327 0.0029461625 17.5934593524 -0.0403226161 0.9028429374 -0.4280755972 -28.9892460281 -0.0223562079 0.4275015752 0.9037381276 150.9197237932 0.0000000000 0.0000000000 0.0000000000 1.0000000000
20230803 18 06 03.292 0.9989145127 0.0465646061 0.0012384468 17.6018742313 -0.0415959922 0.9036625666 -0.4262202941 -28.9748750104 -0.0209659181 0.4257061230 0.9046185534 150.9549200887 0.0000000000 0.0000000000 0.0000000000 1.0000000000
20230803 18 06 03.425 0.9989585429 0.0455804841 -0.0020613132 17.5928411928 -0.0420410945 0.9019515201 -0.4297859952 -28.9381583010 -0.0177306491 0.4294250514 0.9029284298 150.8782590464 0.0000000000 0.0000000000 0.0000000000 1.0000000000
20230803 18 06 03.483 0.9989422509 0.0459041289 0.0026814722 17.6192673688 -0.0404011073 0.9040450899 -0.4255234728 -29.0079168440 -0.0219574561 0.4249650413 0.9049434147 150.9507973963 0.0000000000 0.0000000000 0.0000000000 1.0000000000
20230803 18 06 03.541 0.9989771075 0.0452159437 0.0005071489 17.6315471534 -0.0406691805 0.9033131833 -0.4270495411 -29.0566160907 -0.0197675623 0.4265920900 0.9042280864 150.9577585319 0.0000000000 0.0000000000 0.0000000000 1.0000000000
20230803 18 06 03.598 0.9989837126 0.0448952795 -0.0039944799 17.6310885720 -0.0422824819 0.9027590553 -0.4280634063 -29.0697558821 -0.0156119734 0.4277972673 0.9037398765 150.9352139231 0.0000000000 0.0000000000 0.0000000000 1.0000000000
20230803 18 06 03.655 0.9989403031 0.0458414174 0.0041030935 17.6472499965 -0.0397742203 0.9046968228 -0.4241953208 -29.0790541336 -0.0231577704 0.4235826049 0.9055614250 151.0566692156 0.0000000000 0.0000000000 0.0000000000 1.0000000000
20230803 18 06 03.713 0.9989575656 0.0456457895 0.0004939391 17.6409657147 -0.0410660047 0.9033489593 -0.4269358746 -29.0691185443 -0.0199340245 0.4264705379 0.9042817675 151.0137139718 0.0000000000 0.0000000000 0.0000000000 1.0000000000
20230803 18 06 03.771 0.9989634471 0.0453402108 0.0040369213 17.6517764240 -0.0392456991 0.9028139910 -0.4282367017 -29.0882095108 -0.0230609314 0.4276343799 0.9036575848 150.9776032822 0.0000000000 0.0000000000 0.0000000000 1.0000000000
20230803 18 06 03.828 0.9988184959 0.0475564397 0.0099998678 17.6781097924 -0.0386837233 0.9026131966 -0.4287108430 -29.1638392739 -0.0294139740 0.4278174872 0.9033864155 151.0740825496 0.0000000000 0.0000000000 0.0000000000 1.0000000000
20230803 18 06 03.885 0.9989220883 0.0463933893 0.0015214926 17.6508010078 -0.0411334426 0.8999050962 -0.4341415181 -29.2068750616 -0.0215104954 0.4336109676 0.9008433978 150.9344438068 0.0000000000 0.0000000000 0.0000000000 1.0000000000
20230803 18 06 03.943 0.9989216739 0.0460645130 0.0057922340 17.6767514134 -0.0391370599 0.9026024734 -0.4286922738 -29.2835804979 -0.0249755855 0.4280033128 0.9034320032 151.0614829600 0.0000000000 0.0000000000 0.0000000000 1.0000000000
20230803 18 06 04.000 0.9989347550 0.0461113394 0.0017605770 17.6801954677 -0.0408016779 0.9004432016 -0.4330557282 -29.2470686555 -0.0215540792 0.4325225832 0.9013654290 150.9258563970 0.0000000000 0.0000000000 0.0000000000 1.0000000000
20230803 18 06 04.057 0.9989565772 0.0456406537 -0.0016393671 17.6709137665 -0.0418411878 0.9002286477 -0.4334024652 -29.2398768690 -0.0183049666 0.4330188363 0.9011989878 150.8642070832 0.0000000000 0.0000000000 0.0000000000 1.0000000000
20230803 18 06 04.114 0.9989381964 0.0460193749 0.0021672218 17.6753448389 -0.0406335687 0.9022464308 -0.4293020977 -29.2604404433 -0.0217115823 0.4287582013 0.9031583538 150.9540397912 0.0000000000 0.0000000000 0.0000000000 1.0000000000
20230803 18 06 04.172 0.9989897900 0.0449376867 0.0000622813 17.6924284005 -0.0405463929 0.9019647062 -0.4299019176 -29.3169421971 -0.0193749732 0.4294651011 0.9028755935 150.9757822468 0.0000000000 0.0000000000 0.0000000000 1.0000000000
20230803 18 06 04.230 0.9989580011 0.0456284616 0.0009775203 17.7037970437 -0.0407518809 0.9014272111 -0.4310084306 -29.3803799218 -0.0205474150 0.4305194845 0.9023473706 150.9672685796 0.0000000000 0.0000000000 0.0000000000 1.0000000000
20230803 18 06 04.288 0.9990077816 0.0445256929 0.0009565626 17.7193968536 -0.0398114052 0.9024502284 -0.4289506234 -29.4673987391 -0.0199625739 0.4284869286 0.9033274311 151.0026492786 0.0000000000 0.0000000000 0.0000000000 1.0000000000
20230803 18 06 04.346 0.9990212927 0.0441907484 0.0019064524 17.7239822453 -0.0390643481 0.9017046588 -0.4305841208 -29.4507466576 -0.0207468916 0.4300882306 0.9025484366 151.0222695772 0.0000000000 0.0000000000 0.0000000000 1.0000000000
20230803 18 06 04.403 0.9990150465 0.0443564074 -0.0012025298 17.7057075265 -0.0405427862 0.9014381234 -0.4310053272 -29.3777088599 -0.0180338416 0.4306295609 0.9023485811 150.9789905363 0.0000000000 0.0000000000 0.0000000000 1.0000000000
20230803 18 06 04.461 0.9989351203 0.0460105016 0.0034145436 17.6998742765 -0.0401470650 0.9033276188 -0.4270684094 -29.3280181847 -0.0227340832 0.4264765491 0.9042128702 151.0274936278 0.0000000000 0.0000000000 0.0000000000 1.0000000000
20230803 18 06 04.519 0.9989915098 0.0448891058 0.0009651726 17.6977341326 -0.0400596375 0.9008097003 -0.4323622431 -29.2863678711 -0.0202777913 0.4318875455 0.9016994839 150.9804153585 0.0000000000 0.0000000000 0.0000000000 1.0000000000
20230803 18 06 04.576 0.9988870323 0.0467349753 0.0063670068 17.6858910926 -0.0394560736 0.9019097244 -0.4301186665 -29.2706060890 -0.0258440506 0.4293887412 0.9027499067 151.0359739396 0.0000000000 0.0000000000 0.0000000000 1.0000000000
20230803 18 06 04.634 0.9988947631 0.0469965090 0.0007618763 17.6773287791 -0.0421154896 0.9021121806 -0.4294413803 -29.2466620834 -0.0208695436 0.4289346590 0.9030944139 150.9621506340 0.0000000000 0.0000000000 0.0000000000 1.0000000000
20230803 18 06 04.692 0.9988869357 0.0464177029 0.0083837068 17.6873882700 -0.0384250263 0.9038513319 -0.4261176917 -29.2440571218 -0.0273570290 0.4253212511 0.9046288887 151.1058793035 0.0000000000 0.0000000000 0.0000000000 1.0000000000
20230803 18 06 04.750 0.9988766619 0.0466179420 0.0084959853 17.6709288124 -0.0385401909 0.9035636600 -0.4267169625 -29.1694596558 -0.0275693302 0.4259101782 0.9043453169 151.0648656979 0.0000000000 0.0000000000 0.0000000000 1.0000000000
20230803 18 06 04.808 0.9989384789 0.0457364056 0.0054860352 17.6515229561 -0.0390298888 0.9036237024 -0.4265452757 -29.1006558120 -0.0244659591 0.4258783695 0.9044495736 150.9991475155 0.0000000000 0.0000000000 0.0000000000 1.0000000000
20230803 18 06 04.866 0.9989655364 0.0454736968 -0.0000054491 17.6241194574 -0.0411023415 0.9028843886 -0.4279139847 -29.0653135365 -0.0194539109 0.4274715472 0.9038194630 150.9573198670 0.0000000000 0.0000000000 0.0000000000 1.0000000000
20230803 18 06 04.927 0.9989830995 0.0450562509 0.0016435319 17.6183157598 -0.0400161902 0.9028508309 -0.4280877032 -29.0172840218 -0.0207718911 0.4275866127 0.9037357010 150.8664367388 0.0000000000 0.0000000000 0.0000000000 1.0000000000
20230803 18 06 04.984 0.9989082732 0.0463507914 0.0058194308 17.6152416258 -0.0394826298 0.9042686290 -0.4251345299 -29.0235819180 -0.0249676506 0.4244406328 0.9051114659 150.9336460028 0.0000000000 0.0000000000 0.0000000000 1.0000000000
20230803 18 06 05.045 0.9990257225 0.0441271473 -0.0006329276 17.6119350305 -0.0402121078 0.9042943165 -0.4250115005 -29.0228042721 -0.0181821923 0.4246228727 0.9051877285 150.9929471196 0.0000000000 0.0000000000 0.0000000000 1.0000000000
20230803 18 06 05.103 0.9989676081 0.0452918122 0.0035170527 17.6039325289 -0.0395088039 0.9044062360 -0.4248392810 -28.9979705599 -0.0224225853 0.4242617258 0.9052619597 150.9811707416 0.0000000000 0.0000000000 0.0000000000 1.0000000000
20230803 18 06 05.163 0.9989440236 0.0458297961 -0.0032353554 17.5851724892 -0.0428252072 0.9033221837 -0.4268196739 -28.9853382324 -0.0166384903 0.4265075172 0.9043309673 150.8758898613 0.0000000000 0.0000000000 0.0000000000 1.0000000000
20230803 18 06 05.222 0.9989717550 0.0453293204 -0.0008278857 17.5821505337 -0.0413904176 0.9044100929 -0.4246518777 -28.9846892443 -0.0185004329 0.4242494981 0.9053563372 150.9836886183 0.0000000000 0.0000000000 0.0000000000 1.0000000000
20230803 18 06 05.280 0.9990109349 0.0444519538 0.0010843286 17.5500711317 -0.0397018120 0.9027070565 -0.4284200466 -28.9791212892 -0.0200229392 0.4279532615 0.9035790435 150.9066513673 0.0000000000 0.0000000000 0.0000000000 1.0000000000
20230803 18 06 05.400 0.9989298729 0.0461205731 0.0034643615 17.5719239549 -0.0402570777 0.9039167051 -0.4258097672 -28.9853112423 -0.0227700847 0.4252146316 0.9048060789 150.9397577561 0.0000000000 0.0000000000 0.0000000000 1.0000000000
20230803 18 06 05.459 0.9989530445 0.0456888885 0.0023109241 17.5747290538 -0.0403482737 0.9037403009 -0.4261754161 -28.9765552947 -0.0215599563 0.4256359876 0.9046375928 150.9480622612 0.0000000000 0.0000000000 0.0000000000 1.0000000000
20230803 18 06 05.518 0.9989554774 0.0456852669 0.0009003057 17.5503033204 -0.0408878976 0.9025049829 -0.4287341083 -28.9473704276 -0.0203993626 0.4282494742 0.9034302706 150.8073864887 0.0000000000 0.0000000000 0.0000000000 1.0000000000
20230803 18 06 05.576 0.9989240337 0.0461170988 0.0048977700 17.5789245910 -0.0396842217 0.9046470083 -0.4243099727 -29.0097450490 -0.0239986979 0.4236590653 0.9055037598 151.0793250015 0.0000000000 0.0000000000 0.0000000000 1.0000000000
20230803 18 06 05.634 0.9989602297 0.0455768622 -0.0010995991 17.5689471868 -0.0416670507 0.9029448502 -0.4277317551 -29.0142400803 -0.0185017939 0.4273328294 0.9039050484 150.9369244842 0.0000000000 0.0000000000 0.0000000000 1.0000000000
20230803 18 06 05.694 0.9989682766 0.0453510989 0.0023790953 17.5687617291 -0.0399932378 0.9033503723 -0.4270347126 -29.0251065283 -0.0215156501 0.4264989832 0.9042321019 150.9505630093 0.0000000000 0.0000000000 0.0000000000 1.0000000000
20230803 18 06 05.752 0.9989618561 0.0455355574 -0.0013126431 17.5433857834 -0.0416911976 0.9022519158 -0.4291891476 -28.9898972242 -0.0183590323 0.4287983131 0.9032136805 150.8215539596 0.0000000000 0.0000000000 0.0000000000 1.0000000000
20230803 18 06 05.810 0.9989459215 0.0458604324 0.0019663902 17.5695870180 -0.0406188540 0.9031024714 -0.4274997483 -29.0294542100 -0.0213811752 0.4269692575 0.9040133287 151.0046575778 0.0000000000 0.0000000000 0.0000000000 1.0000000000
20230803 18 06 05.868 0.9989405518 0.0459915812 0.0015964063 17.5831562889 -0.0409512109 0.9042189560 -0.4251012560 -29.0598751673 -0.0209945798 0.4245855085 0.9051443938 151.0718014027 0.0000000000 0.0000000000 0.0000000000 1.0000000000
20230803 18 06 05.928 0.9989627641 0.0455280885 -0.0007675805 17.5642101525 -0.0414942966 0.9032539814 -0.4270953857 -29.0230481993 -0.0187515164 0.4266842372 0.9042062499 150.9097902112 0.0000000000 0.0000000000 0.0000000000 1.0000000000
20230803 18 06 05.986 0.9989361554 0.0460290406 0.0028080017 17.5595524643 -0.0404425956 0.9037008298 -0.4262501691 -29.0474086858 -0.0221574798 0.4256831423 0.9046009664 150.9698157180 0.0000000000 0.0000000000 0.0000000000 1.0000000000
20230803 18 06 06.047 0.9989234636 0.0460667214 0.0054562858 17.5899267476 -0.0394021500 0.9046627849 -0.4243026235 -29.0658639961 -0.0244823294 0.4236308568 0.9055040103 151.0909734959 0.0000000000 0.0000000000 0.0000000000 1.0000000000
20230803 18 06 06.105 0.9989474285 0.0458278445 0.0019605626 17.5802141488 -0.0406175750 0.9036171723 -0.4264108566 -29.0151610066 -0.0213130885 0.4258823953 0.9045274665 150.9778818864 0.0000000000 0.0000000000 0.0000000000 1.0000000000
20230803 18 06 06.163 0.9989492903 0.0458065051 0.0014420388 17.5880031874 -0.0408009777 0.9032372798 -0.4271974913 -28.9909303571 -0.0208709273 0.4266897941 0.9041571899 150.9487017679 0.0000000000 0.0000000000 0.0000000000 1.0000000000
20230803 18 06 06.221 0.9989262861 0.0463024630 0.0015352119 17.5789494460 -0.0412256545 0.9035411090 -0.4265136689 -29.0093141920 -0.0211357604 0.4259924251 0.9044798137 151.0007261799 0.0000000000 0.0000000000 0.0000000000 1.0000000000
20230803 18 06 06.281 0.9989055725 0.0465342996 0.0047133966 17.5985086775 -0.0401723749 0.9051950298 -0.4230935337 -29.0732492615 -0.0239549044 0.4224411402 0.9060737529 151.1338537674 0.0000000000 0.0000000000 0.0000000000 1.0000000000
20230803 18 06 06.368 0.9989411848 0.0459987492 0.0007902224 17.6173993016 -0.0412761480 0.9037030460 -0.4261655598 -29.1261178502 -0.0203172090 0.4256817118 0.9046448426 151.1124849989 0.0000000000 0.0000000000 0.0000000000 1.0000000000
20230803 18 06 06.438 0.9989163312 0.0463168539 0.0045730069 17.6226085973 -0.0400143706 0.9048402491 -0.4238666934 -29.1231834169 -0.0237700124 0.4232243762 0.9057130417 151.1024598807 0.0000000000 0.0000000000 0.0000000000 1.0000000000
20230803 18 06 06.495 0.9989280771 0.0460267368 0.0049230358 17.6330760206 -0.0395646505 0.9041734176 -0.4253293657 -29.1077883919 -0.0240278009 0.4246786672 0.9050252452 151.1294263229 0.0000000000 0.0000000000 0.0000000000 1.0000000000
20230803 18 06 06.552 0.9989486440 0.0458404666 0.0005081902 17.6037642427 -0.0412003313 0.9025823398 -0.4285413079 -29.0644434044 -0.0201032170 0.4280698209 0.9035220468 150.9473060802 0.0000000000 0.0000000000 0.0000000000 1.0000000000
20230803 18 06 06.610 0.9988874462 0.0469640296 0.0042719679 17.6433192627 -0.0406327756 0.9031113627 -0.4274796418 -29.1285875108 -0.0239342293 0.4268304658 0.9040148816 151.0318164054 0.0000000000 0.0000000000 0.0000000000 1.0000000000
20230803 18 06 06.667 0.9989184753 0.0464561494 0.0019250711 17.6495351603 -0.0412085717 0.9037396790 -0.4260944099 -29.2070837498 -0.0215344687 0.4255542488 0.9046766538 151.1487510229 0.0000000000 0.0000000000 0.0000000000 1.0000000000
20230803 18 06 06.724 0.9989058977 0.0467566915 0.0009051234 17.6298791015 -0.0417762607 0.9008686203 -0.4320769295 -29.2244547113 -0.0210178850 0.4315663804 0.9018362977 151.0070406766 0.0000000000 0.0000000000 0.0000000000 1.0000000000
20230803 18 06 06.781 0.9989099891 0.0464807971 0.0042859167 17.6481563080 -0.0400399680 0.9004314974 -0.4331511507 -29.2082231542 -0.0239923851 0.4325074033 0.9013111070 150.9427792967 0.0000000000 0.0000000000 0.0000000000 1.0000000000
20230803 18 06 06.838 0.9988722548 0.0470751650 0.0061763601 17.6471542442 -0.0398422675 0.9018453238 -0.4302180909 -29.2209809744 -0.0258227091 0.4294868343 0.9027038534 151.0345220047 0.0000000000 0.0000000000 0.0000000000 1.0000000000
20230803 18 06 06.895 0.9988912523 0.0470023550 0.0026541694 17.6584437284 -0.0412238722 0.9005290963 -0.4328370815 -29.2040917963 -0.0227345189 0.4322477593 0.9014682558 150.9514931381 0.0000000000 0.0000000000 0.0000000000 1.0000000000
20230803 18 06 06.953 0.9988777566 0.0468605706 0.0068785362 17.6623754072 -0.0393593734 0.9020703695 -0.4297905167 -29.2649461033 -0.0263451525 0.4290374523 0.9029024297 151.1102794576 0.0000000000 0.0000000000 0.0000000000 1.0000000000
20230803 18 06 07.010 0.9989398375 0.0460240813 -0.0009924814 17.6778243428 -0.0419740399 0.9017578437 -0.4301987579 -29.3168856780 -0.0189045247 0.4297843357 0.9027336505 151.0093258006 0.0000000000 0.0000000000 0.0000000000 1.0000000000
20230803 18 06 07.067 0.9989937562 0.0445684289 -0.0050130121 17.6770639611 -0.0423277200 0.8999633480 -0.4339059073 -29.3603610125 -0.0148269774 0.4336814815 0.9009442454 150.8828384784 0.0000000000 0.0000000000 0.0000000000 1.0000000000
20230803 18 06 07.126 0.9989730337 0.0452667360 0.0019494904 17.7049240007 -0.0400053450 0.9014267316 -0.4310793663 -29.4202929074 -0.0212708786 0.4305586722 0.9023119081 151.0235084526 0.0000000000 0.0000000000 0.0000000000 1.0000000000
20230803 18 06 07.184 0.9990048376 0.0442899368 -0.0052664847 17.6886899507 -0.0421774555 0.8996914861 -0.4344839377 -29.3902912906 -0.0145050547 0.4342736826 0.9006641838 150.8325704308 0.0000000000 0.0000000000 0.0000000000 1.0000000000
20230803 18 06 07.244 0.9990155019 0.0440109915 -0.0055731176 17.7096702431 -0.0421386736 0.9021438195 -0.4293726366 -29.4197376668 -0.0138693619 0.4291847638 0.9031102255 150.9868863947 0.0000000000 0.0000000000 0.0000000000 1.0000000000
20230803 18 06 07.312 0.9990136107 0.0444049662 0.0000674871 17.7230253264 -0.0399946265 0.9004489727 -0.4331190107 -29.4395156869 -0.0192934037 0.4326890877 0.9013367395 150.9323557767 0.0000000000 0.0000000000 0.0000000000 1.0000000000
20230803 18 06 07.464 0.9989777456 0.0451911180 -0.0011075691 17.6976133294 -0.0411936715 0.8999752269 -0.4339904058 -29.3390905511 -0.0186157269 0.4335923820 0.9009168113 150.8855619577 0.0000000000 0.0000000000 0.0000000000 1.0000000000
20230803 18 06 07.522 0.9988775338 0.0468420216 0.0070354415 17.6932326049 -0.0392969357 0.9024246593 -0.4290518443 -29.2489529519 -0.0264466116 0.4282937768 0.9032524661 151.0199395310 0.0000000000 0.0000000000 0.0000000000 1.0000000000
20230803 18 06 07.580 0.9988922327 0.0468882945 0.0039743201 17.7102558311 -0.0406288837 0.9019796715 -0.4298627293 -29.2042192073 -0.0237402862 0.4292250692 0.9028855070 151.1036279926 0.0000000000 0.0000000000 0.0000000000 1.0000000000
20230803 18 06 07.637 0.9989335752 0.0459654023 0.0043467272 17.6875865503 -0.0397664225 0.9043912786 -0.4248470864 -29.1636961907 -0.0234594094 0.4242211651 0.9052546930 151.1119300974 0.0000000000 0.0000000000 0.0000000000 1.0000000000
20230803 18 06 07.694 0.9988977042 0.0466994202 0.0047477000 17.6615279342 -0.0401719678 0.9028056698 -0.4281683495 -29.1515192696 -0.0242814641 0.4275056569 0.9036865185 151.0298558979 0.0000000000 0.0000000000 0.0000000000 1.0000000000
20230803 18 06 07.751 0.9988707961 0.0469690939 0.0071440129 17.6906263910 -0.0394967654 0.9045363240 -0.4245633570 -29.1665493010 -0.0264033753 0.4238017730 0.9053700453 151.1389771039 0.0000000000 0.0000000000 0.0000000000 1.0000000000
20230803 18 06 07.811 0.9989158683 0.0460510643 0.0068108348 17.6620394360 -0.0386731578 0.9023617524 -0.4292407888 -29.1146331314 -0.0259128320 0.4285120387 0.9031644135 150.9771716113 0.0000000000 0.0000000000 0.0000000000 1.0000000000
20230803 18 06 07.897 0.9989477650 0.0457115950 0.0037165613 17.6431238031 -0.0397484560 0.9033546762 -0.4270484624 -29.0509311657 -0.0228784394 0.4264513795 0.9042211001 150.9788761184 0.0000000000 0.0000000000 0.0000000000 1.0000000000
20230803 18 06 07.960 0.9989492957 0.0458029337 0.0015478330 17.6227098189 -0.0407584780 0.9033589714 -0.4269441594 -29.0327879169 -0.0209535438 0.4264324800 0.9042766662 150.9031935308 0.0000000000 0.0000000000 0.0000000000 1.0000000000
20230803 18 06 08.017 0.9989523495 0.0456671106 0.0029527159 17.6369474952 -0.0400250834 0.9031703125 -0.4274124230 -29.0471960865 -0.0221854957 0.4268464614 0.9040519355 150.9358348193 0.0000000000 0.0000000000 0.0000000000 1.0000000000
20230803 18 06 08.074 0.9988840533 0.0465626191 0.0079101538 17.6251622151 -0.0388421186 0.9051672852 -0.4232770672 -29.0885570919 -0.0268689014 0.4224974654 0.9059657576 151.1087183873 0.0000000000 0.0000000000 0.0000000000 1.0000000000
20230803 18 06 08.132 0.9989750588 0.0452547671 0.0009154495 17.6033877471 -0.0405343259 0.9034086862 -0.4268602982 -29.0510214124 -0.0201444884 0.4263856843 0.9043171168 150.9548650239 0.0000000000 0.0000000000 0.0000000000 1.0000000000
20230803 18 06 08.189 0.9989444748 0.0458278649 0.0031213773 17.6105763771 -0.0401785820 0.9046930757 -0.4241652041 -29.0449183736 -0.0222624741 0.4235920745 0.9055794480 151.0265050912 0.0000000000 0.0000000000 0.0000000000 1.0000000000
20230803 18 06 08.246 0.9989127620 0.0464798752 0.0035937560 17.5903930339 -0.0405358627 0.9040648454 -0.4254686818 -28.9960469882 -0.0230247197 0.4248604201 0.9049660136 150.9652944180 0.0000000000 0.0000000000 0.0000000000 1.0000000000
20230803 18 06 08.307 0.9990037738 0.0445336533 -0.0028659437 17.5786735326 -0.0414829673 0.9030566319 -0.4275136056 -28.9302588999 -0.0164506332 0.4272065932 0.9040043713 150.8718171154 0.0000000000 0.0000000000 0.0000000000 1.0000000000
20230803 18 06 08.365 0.9989746586 0.0452701335 -0.0004963914 17.5575851158 -0.0411070139 0.9024040126 -0.4289256480 -28.9181353559 -0.0189695758 0.4285062580 0.9033396604 150.8291349006 0.0000000000 0.0000000000 0.0000000000 1.0000000000
20230803 18 06 08.422 0.9989479086 0.0458228276 0.0018287767 17.5534661478 -0.0405775230 0.9017723434 -0.4303023418 -28.9258968495 -0.0213668102 0.4297754171 0.9026829733 150.7845437496 0.0000000000 0.0000000000 0.0000000000 1.0000000000
20230803 18 06 08.479 0.9989421154 0.0459051961 0.0027134947 17.5513121480 -0.0403096214 0.9025209949 -0.4287551612 -28.9470185668 -0.0221310757 0.4281922078 0.9034166529 150.8183801083 0.0000000000 0.0000000000 0.0000000000 1.0000000000
20230803 18 06 08.536 0.9989708366 0.0453515588 -0.0007097675 17.5457130952 -0.0412651266 0.9022399120 -0.4292555538 -28.9508428919 -0.0188270279 0.4288430684 0.9031827975 150.8223690938 0.0000000000 0.0000000000 0.0000000000 1.0000000000
20230803 18 06 08.593 0.9989625777 0.0454271438 0.0031847994 17.5529929071 -0.0397195908 0.9033860046 -0.4269848719 -28.9575016925 -0.0222738064 0.4264154093 0.9042531594 150.9091588073 0.0000000000 0.0000000000 0.0000000000 1.0000000000
20230803 18 06 08.653 0.9989846274 0.0450169063 -0.0017867211 17.5345032745 -0.0413762772 0.9010593903 -0.4317174758 -28.9308013440 -0.0178246434 0.4313530496 0.9020071112 150.7178557560 0.0000000000 0.0000000000 0.0000000000 1.0000000000
20230803 18 06 08.710 0.9989511484 0.0456799503 0.0031535982 17.5881949502 -0.0400257941 0.9046009157 -0.4243761528 -29.0486834693 -0.0222382294 0.4238048199 0.9054804999 151.0575471898 0.0000000000 0.0000000000 0.0000000000 1.0000000000
20230803 18 06 08.767 0.9989240221 0.0462376715 0.0035882960 17.5638577519 -0.0402746310 0.9032521063 -0.4272160889 -29.0509948237 -0.0229946131 0.4266118965 0.9041424321 150.9122848618 0.0000000000 0.0000000000 0.0000000000 1.0000000000
20230803 18 06 08.825 0.9989512171 0.0457799813 0.0008119446 17.5567931979 -0.0410520247 0.9033557165 -0.4269229212 -29.0738468680 -0.0202779981 0.4264418398 0.9042876534 150.9357062827 0.0000000000 0.0000000000 0.0000000000 1.0000000000
20230803 18 06 08.882 0.9988912536 0.0466138136 0.0065890737 17.5805563665 -0.0393747786 0.9039555279 -0.4258098524 -29.0751067240 -0.0258048507 0.4250782940 0.9047886790 150.9918210295 0.0000000000 0.0000000000 0.0000000000 1.0000000000
20230803 18 06 08.939 0.9989470455 0.0458650123 0.0010958409 17.5648950215 -0.0409794681 0.9027692625 -0.4281685904 -28.9910423994 -0.0206272492 0.4276728414 0.9036982114 150.9395163687 0.0000000000 0.0000000000 0.0000000000 1.0000000000
20230803 18 06 08.996 0.9989633886 0.0453433117 -0.0040165098 17.5381095147 -0.0426635543 0.9018395507 -0.4299595864 -28.8882084126 -0.0158735441 0.4296852440 0.9028392004 150.7804296675 0.0000000000 0.0000000000 0.0000000000 1.0000000000
20230803 18 06 09.053 0.9989862114 0.0449337389 -0.0027401587 17.5321259224 -0.0417734608 0.9025974815 -0.4284539233 -28.8899012413 -0.0167787764 0.4281340276 0.9035594762 150.8563329564 0.0000000000 0.0000000000 0.0000000000 1.0000000000
20230803 18 06 09.110 0.9989308380 0.0462246662 -0.0006790285 17.5472508972 -0.0420095404 0.9015135524 -0.4307069925 -28.8871465210 -0.0192971335 0.4302750226 0.9024915654 150.8019599756 0.0000000000 0.0000000000 0.0000000000 1.0000000000
20230803 18 06 09.167 0.9989170761 0.0464228677 0.0030971699 17.5841203874 -0.0406857572 0.9038784208 -0.4258502900 -28.9660843988 -0.0225686568 0.4252631159 0.9047883388 151.0057929886 0.0000000000 0.0000000000 0.0000000000 1.0000000000
20230803 18 06 09.224 0.9988407185 0.0475387070 0.0075690450 17.5863726255 -0.0397525214 0.9032676500 -0.4272321260 -28.9965455085 -0.0271469364 0.4264359551 0.9041102920 151.0063778537 0.0000000000 0.0000000000 0.0000000000 1.0000000000
20230803 18 06 09.281 0.9989291324 0.0462432942 0.0014650140 17.5847781396 -0.0411462049 0.9024118201 -0.4289054636 -28.9969569550 -0.0211560475 0.4283858829 0.9033481926 150.9480847947 0.0000000000 0.0000000000 0.0000000000 1.0000000000
20230803 18 06 09.416 0.9989268097 0.0462748033 0.0019675945 17.6158931474 -0.0410342996 0.9039042025 -0.4257621154 -29.0337718919 -0.0214805751 0.4252244527 0.9048329955 151.0512515231 0.0000000000 0.0000000000 0.0000000000 1.0000000000
20230803 18 06 09.474 0.9989930633 0.0448348002 -0.0016432438 17.6232918996 -0.0412210657 0.9027821196 -0.4281182878 -29.0740576353 -0.0177111068 0.4277549360 0.9037212133 150.9592722924 0.0000000000 0.0000000000 0.0000000000 1.0000000000
20230803 18 06 09.531 0.9988943613 0.0467984452 0.0044677176 17.6331988863 -0.0403986416 0.9031064745 -0.4275121583 -29.1342523473 -0.0240417290 0.4268589946 0.9039985586 151.1213204249 0.0000000000 0.0000000000 0.0000000000 1.0000000000
20230803 18 06 09.588 0.9988884890 0.0468619741 0.0050736435 17.6361475528 -0.0401726021 0.9026852168 -0.4284221766 -29.1397305844 -0.0246566119 0.4277421592 0.9035644397 151.0971744144 0.0000000000 0.0000000000 0.0000000000 1.0000000000
20230803 18 06 09.645 0.9989378566 0.0459864316 0.0028994245 17.6559715942 -0.0403356077 0.9031386709 -0.4274500906 -29.1135448591 -0.0222754868 0.4268791273 0.9040342988 151.0740816261 0.0000000000 0.0000000000 0.0000000000 1.0000000000
20230803 18 06 09.702 0.9989449673 0.0459205913 0.0005016401 17.6489586511 -0.0412909942 0.9029077079 -0.4278466136 -29.0728779634 -0.0200999042 0.4273745082 0.9038512176 150.9817809684 0.0000000000 0.0000000000 0.0000000000 1.0000000000
20230803 18 06 09.760 0.9989622015 0.0455411285 0.0007249102 17.6527947952 -0.0408581612 0.9030458650 -0.4275965112 -29.1014210371 -0.0201278549 0.4271231337 0.9039694122 151.0713497402 0.0000000000 0.0000000000 0.0000000000 1.0000000000
20230803 18 06 09.817 0.9989056261 0.0465078192 0.0049571124 17.6627401333 -0.0398859612 0.9024087986 -0.4290308500 -29.1526396053 -0.0244266310 0.4283636106 0.9032762350 151.1038413854 0.0000000000 0.0000000000 0.0000000000 1.0000000000
20230803 18 06 09.875 0.9988918183 0.0468529171 0.0044653705 17.6846770413 -0.0403812577 0.9019037149 -0.4300453966 -29.2306817517 -0.0241762155 0.4293885109 0.9027962214 151.1026454985 0.0000000000 0.0000000000 0.0000000000 1.0000000000
