20230803 18 05 03.428 0.9973590743 -0.0334445752 -0.0644696612 45.9987816032 0.0304454454 0.9984329585 -0.0469542560 42.7254189060 0.0659389997 0.0448674458 0.9968144063 154.2122769780 0.0000000000 0.0000000000 0.0000000000 1.0000000000
20230803 18 05 03.486 0.9899372435 -0.0417748828 -0.1352002701 -5.9960767995 0.0047459895 0.9646951363 -0.2633263558 -28.1716676401 0.1414274707 0.2600349077 0.9551859072 149.7923253201 0.0000000000 0.0000000000 0.0000000000 1.0000000000
20230803 18 05 03.542 0.9916041680 -0.0392692355 -0.1232034952 -6.1915198524 0.0070309497 0.9677373872 -0.2518628895 -27.7231442733 0.1291190916 0.2488820534 0.9598885267 150.0058080489 0.0000000000 0.0000000000 0.0000000000 1.0000000000
20230803 18 05 03.599 0.9887968206 -0.0416574104 -0.1433370422 -6.4385285950 0.0019962104 0.9638728144 -0.2663554258 -27.1201329347 0.1492543556 0.2630852673 0.9531575313 149.8419953429 0.0000000000 0.0000000000 0.0000000000 1.0000000000
20230803 18 05 03.656 0.9888982853 -0.0392808022 -0.1433080594 -6.7234616898 0.0012328140 0.9665625048 -0.2564281665 -26.6100735438 0.1485889010 0.2534047019 0.9558804295 149.9983512516 0.0000000000 0.0000000000 0.0000000000 1.0000000000
20230803 18 05 03.712 0.9907067718 -0.0353198779 -0.1313491476 -7.0175308305 0.0023689646 0.9700299785 -0.2429737206 -26.1183868655 0.1359944130 0.2404045489 0.9610989400 150.2460210616 0.0000000000 0.0000000000 0.0000000000 1.0000000000
20230803 18 05 03.771 0.9974180663 0.0091608832 -0.0712269560 46.6983353000 -0.0138807342 0.9977194238 -0.0660551032 -25.3356005389 0.0704593944 0.0668732358 0.9952705381 151.8003873542 0.0000000000 0.0000000000 0.0000000000 1.0000000000
20230803 18 05 03.828 0.9997780373 0.0040472537 -0.0206759741 46.7191135705 -0.0070643049 0.9889612953 -0.1480055811 -25.2081886607 0.0198487220 0.1481187907 0.9887703738 152.3267245115 0.0000000000 0.0000000000 0.0000000000 1.0000000000
20230803 18 05 03.885 0.9997295024 0.0046893746 -0.0227800739 46.5211029324 -0.0079451932 0.9893979811 -0.1450120993 -25.0565832651 0.0218585431 0.1451538659 0.9891676093 152.2866743313 0.0000000000 0.0000000000 0.0000000000 1.0000000000
20230803 18 05 03.942 0.9998881305 0.0053417168 -0.0139711362 46.5180905651 -0.0073318735 0.9891796351 -0.1465260834 -25.0510793967 0.0130372625 0.1466121262 0.9891081408 152.5896788055 0.0000000000 0.0000000000 0.0000000000 1.0000000000
20230803 18 04 08.768 0.9983871754 0.0107033500 0.0557538006 40.8523639383 -0.0053501572 0.9954348684 -0.0952932244 -35.2283006223 -0.0565192339 0.0948412416 0.9938866712 150.8272651007 0.0000000000 0.0000000000 0.0000000000 1.0000000000
20230803 18 05 03.999 0.9998178856 0.0051950254 -0.0183632085 46.4203368077 -0.0077820026 0.9895837407 -0.1437479064 -25.0124767225 0.0174251585 0.1438646304 0.9894439509 152.4158887832 0.0000000000 0.0000000000 0.0000000000 1.0000000000
20230803 18 05 04.056 0.9998088527 0.0065647193 -0.0184163657 46.4163492182 -0.0091666253 0.9893939124 -0.1449677862 -25.1645378385 0.0172693673 0.1451088919 0.9892649688 152.4016139371 0.0000000000 0.0000000000 0.0000000000 1.0000000000
20230803 18 05 04.114 0.9997947345 0.0053804362 -0.0195330436 46.5340975074 -0.0081977893 0.9890791344 -0.1471572703 -25.3241489703 0.0185279556 0.1472871918 0.9889202182 152.4540200485 0.0000000000 0.0000000000 0.0000000000 1.0000000000
20230803 18 05 04.170 0.9998351249 0.0057059422 -0.0172384793 46.5751967165 -0.0081494614 0.9893704653 -0.1451883905 -25.5407990689 0.0162268058 0.1453049368 0.9892538431 152.5967956566 0.0000000000 0.0000000000 0.0000000000 1.0000000000
20230803 18 05 04.227 0.9997436662 0.0068047998 -0.0215939002 46.5505724547 -0.0099330964 0.9889001201 -0.1482494048 -25.6457890804 0.0203454030 0.1484258977 0.9887142244 152.4949243367 0.0000000000 0.0000000000 0.0000000000 1.0000000000
20230803 18 05 04.284 0.9998153545 0.0063295716 -0.0181436869 46.6055089200 -0.0088201532 0.9900183453 -0.1406622934 -25.7593214483 0.0170722509 0.1407963508 0.9898913707 152.6511474043 0.0000000000 0.0000000000 0.0000000000 1.0000000000
20230803 18 05 04.341 0.9997478211 0.0074698316 -0.0211777186 46.5785909980 -0.0104949434 0.9891480605 -0.1465468202 -25.7501866210 0.0198532192 0.1467321231 0.9889770138 152.5766468829 0.0000000000 0.0000000000 0.0000000000 1.0000000000
20230803 18 05 04.398 0.9997916036 0.0066899873 -0.0192871324 46.5583411296 -0.0094114176 0.9894361761 -0.1446633285 -25.7598054990 0.0181155907 0.1448147004 0.9892929434 152.5602134195 0.0000000000 0.0000000000 0.0000000000 1.0000000000
20230803 18 05 04.455 0.9997842456 0.0066146108 -0.0196903310 46.5717549818 -0.0094078156 0.9893377167 -0.1453353889 -25.6911083087 0.0185190501 0.1454892752 0.9891864918 152.5763716294 0.0000000000 0.0000000000 0.0000000000 1.0000000000
20230803 18 05 04.511 0.9998602794 0.0063084943 -0.0154798115 46.5960066192 -0.0084813389 0.9894557580 -0.1445868938 -25.7795528391 0.0144044630 0.1446979816 0.9893710151 152.8215522517 0.0000000000 0.0000000000 0.0000000000 1.0000000000
20230803 18 04 08.827 0.9985327746 0.0106864785 0.0530857539 40.8470700514 -0.0057133819 0.9956531435 -0.0929632995 -35.2246832002 -0.0538484480 0.0925236022 0.9942533519 150.7902522400 0.0000000000 0.0000000000 0.0000000000 1.0000000000
20230803 18 05 04.568 0.9997862628 0.0057640542 -0.0198545806 46.5518357124 -0.0085909372 0.9893382773 -0.1453821478 -25.6671316085 0.0188049060 0.1455216437 0.9891763375 152.6218817188 0.0000000000 0.0000000000 0.0000000000 1.0000000000
20230803 18 05 04.625 0.9998862951 0.0062627562 -0.0137176775 46.6017819497 -0.0081982720 0.9892607287 -0.1459314875 -25.6227626857 0.0126564263 0.1460273556 0.9891995887 152.8623655065 0.0000000000 0.0000000000 0.0000000000 1.0000000000
20230803 18 05 04.682 0.9998401116 0.0059969960 -0.0168459846 46.4921873979 -0.0084148134 0.9890496302 -0.1473432045 -25.4298771616 0.0157778983 0.1474614019 0.9889419563 152.6744244108 0.0000000000 0.0000000000 0.0000000000 1.0000000000
20230803 18 05 04.738 0.9998405783 0.0048252279 -0.0171911374 46.3887707622 -0.0071902582 0.9900844799 -0.1402890690 -25.2175932865 0.0163437516 0.1403903126 0.9899613335 152.6426324555 0.0000000000 0.0000000000 0.0000000000 1.0000000000
20230803 18 05 04.795 0.9998958321 0.0064228715 -0.0129256228 46.3304167853 -0.0081676619 0.9901433961 -0.1398189703 -25.0746082050 0.0119001808 0.1399099777 0.9900927148 152.8441760132 0.0000000000 0.0000000000 0.0000000000 1.0000000000
20230803 18 05 04.852 0.9998127003 0.0077593005 -0.0177301298 46.2003957941 -0.0103226514 0.9887226090 -0.1494022936 -24.8781871024 0.0163709228 0.1495573325 0.9886175181 152.5589248929 0.0000000000 0.0000000000 0.0000000000 1.0000000000
20230803 18 05 04.909 0.9998365307 0.0075590744 -0.0164247466 46.1769471526 -0.0098788449 0.9892206629 -0.1460988995 -24.8480927817 0.0151433262 0.1462372743 0.9891336306 152.4678940337 0.0000000000 0.0000000000 0.0000000000 1.0000000000
20230803 18 05 04.966 0.9997927974 0.0082846800 -0.0185937200 46.2069518367 -0.0109626856 0.9887915923 -0.1488993165 -24.8645035163 0.0171517308 0.1490723013 0.9886775344 152.5224627874 0.0000000000 0.0000000000 0.0000000000 1.0000000000
20230803 18 05 05.023 0.9998395940 0.0081026823 -0.0159728779 46.1810961733 -0.0102894447 0.9898179827 -0.1419665049 -24.8338256690 0.0146599323 0.1421080847 0.9897425820 152.4252163641 0.0000000000 0.0000000000 0.0000000000 1.0000000000
20230803 18 05 05.081 0.9998492395 0.0074230275 -0.0156970377 46.1237189889 -0.0096386136 0.9892148300 -0.1461544293 -24.7496333733 0.0144428342 0.1462836926 0.9891372432 152.3920814090 0.0000000000 0.0000000000 0.0000000000 1.0000000000
20230803 18 04 08.884 0.9987740183 0.0102033768 0.0484391520 40.8095586156 -0.0058177949 0.9959401192 -0.0898300185 -35.2244769094 -0.0491590644 0.0894380795 0.9947784760 150.6472469268 0.0000000000 0.0000000000 0.0000000000 1.0000000000
20230803 18 05 05.138 0.9998505998 0.0084098697 -0.0151013950 46.0309562203 -0.0105191777 0.9892975595 -0.1455324213 -24.6242379601 0.0137158645 0.1456695330 0.9892382232 152.2253282133 0.0000000000 0.0000000000 0.0000000000 1.0000000000
20230803 18 05 05.195 0.9998546226 0.0078820818 -0.0151197341 45.8903554169 -0.0099999610 0.9892994769 -0.1455559882 -24.5121365284 0.0138106608 0.1456860244 0.9892344757 152.0763695452 0.0000000000 0.0000000000 0.0000000000 1.0000000000
20230803 18 05 05.254 0.9998574217 0.0070012650 -0.0153661520 45.7975745601 -0.0091558137 0.9893950182 -0.1449609224 -24.4083121470 0.0141882844 0.1450809437 0.9893180542 151.9073166885 0.0000000000 0.0000000000 0.0000000000 1.0000000000
20230803 18 05 05.311 0.9998565573 0.0065434927 -0.0156220199 45.7540490798 -0.0086822645 0.9899672300 -0.1410301450 -24.3450916232 0.0145424581 0.1411455498 0.9898820388 151.7783699832 0.0000000000 0.0000000000 0.0000000000 1.0000000000
20230803 18 05 05.430 0.9998731459 0.0068137356 -0.0143967016 45.7533058833 -0.0087915359 0.9898098035 -0.1421241070 -24.5357766606 0.0132816003 0.1422326471 0.9897441453 151.7911680555 0.0000000000 0.0000000000 0.0000000000 1.0000000000
20230803 18 05 05.489 0.9998752639 0.0061119209 -0.0145636866 45.7558516376 -0.0080714912 0.9903234398 -0.1385436232 -24.7673916071 0.0135759925 0.1386438925 0.9902492431 151.7441696041 0.0000000000 0.0000000000 0.0000000000 1.0000000000
20230803 18 05 05.547 0.9998832493 0.0059033339 -0.0140939150 45.8220520382 -0.0078189701 0.9901217353 -0.1399921891 -24.9897386530 0.0131282709 0.1400860448 0.9900522959 151.9097295328 0.0000000000 0.0000000000 0.0000000000 1.0000000000
20230803 18 05 05.604 0.9998408526 0.0066776592 -0.0165432292 45.7210685762 -0.0089508810 0.9899125510 -0.1413966873 -25.1105109890 0.0154321514 0.1415222608 0.9898147798 151.7595684504 0.0000000000 0.0000000000 0.0000000000 1.0000000000
20230803 18 05 05.662 0.9998600239 0.0073765606 -0.0150172860 45.7429880176 -0.0094564447 0.9896024521 -0.1435185093 -25.1123415463 0.0138024701 0.1436404302 0.9895336875 151.8731084472 0.0000000000 0.0000000000 0.0000000000 1.0000000000
20230803 18 05 05.720 0.9998823742 0.0070802396 -0.0136054370 45.6928112290 -0.0089531519 0.9896898361 -0.1429470858 -25.0577567855 0.0124530631 0.1430520831 0.9896368136 151.8207703207 0.0000000000 0.0000000000 0.0000000000 1.0000000000
20230803 18 04 08.942 0.9985267853 0.0104921042 0.0532369689 40.8520703994 -0.0055719409 0.9957673995 -0.0917400653 -35.3346483456 -0.0539741844 0.0913082793 0.9943588817 150.8138676939 0.0000000000 0.0000000000 0.0000000000 1.0000000000
20230803 18 05 05.777 0.9998607104 0.0060618594 -0.0155503563 45.6678743241 -0.0081955298 0.9899689357 -0.1410472958 -25.0801747594 0.0145393608 0.1411550928 0.9898807235 151.7928755077 0.0000000000 0.0000000000 0.0000000000 1.0000000000
20230803 18 05 05.835 0.9998804101 0.0059397814 -0.0142788127 45.6225099394 -0.0078908035 0.9900174080 -0.1407240816 -25.2070476426 0.0133004029 0.1408199237 0.9899458815 151.8269914126 0.0000000000 0.0000000000 0.0000000000 1.0000000000
20230803 18 05 05.893 0.9998289742 0.0054835493 -0.0176621922 45.5381256648 -0.0078690415 0.9904059097 -0.1379645323 -25.3736318368 0.0167362042 0.1380799214 0.9902796750 151.7858716114 0.0000000000 0.0000000000 0.0000000000 1.0000000000
20230803 18 05 05.951 0.9998974078 0.0065952423 -0.0127152144 45.5804113671 -0.0082973315 0.9902805064 -0.1388368574 -25.6864433002 0.0116759663 0.1389281161 0.9902336342 152.0809167142 0.0000000000 0.0000000000 0.0000000000 1.0000000000
20230803 18 05 06.009 0.9998808646 0.0052978189 -0.0144979242 45.4853945790 -0.0071468651 0.9914067340 -0.1306200987 -25.9047327092 0.0136813381 0.1307081520 0.9913264851 152.1507838549 0.0000000000 0.0000000000 0.0000000000 1.0000000000
20230803 18 05 06.067 0.9998933513 0.0068368128 -0.0129051896 45.3891059108 -0.0085879385 0.9899826664 -0.1409275256 -26.1053750350 0.0118124189 0.1410233248 0.9899358002 152.3325969154 0.0000000000 0.0000000000 0.0000000000 1.0000000000
20230803 18 05 06.125 0.9999340084 0.0055984746 -0.0100317412 45.3710182932 -0.0068946682 0.9909265496 -0.1342275559 -26.2340684699 0.0091892491 0.1342878635 0.9908997565 152.5390791234 0.0000000000 0.0000000000 0.0000000000 1.0000000000
20230803 18 05 06.183 0.9999192701 0.0062891395 -0.0110408366 45.2989900719 -0.0077069811 0.9910221302 -0.1334756151 -26.3646527015 0.0101022667 0.1335499311 0.9909905954 152.5842211538 0.0000000000 0.0000000000 0.0000000000 1.0000000000
20230803 18 05 06.241 0.9999361098 0.0071383524 -0.0087647176 45.2302108901 -0.0083103097 0.9898425028 -0.1419251862 -26.4865027212 0.0076625780 0.1419889561 0.9898385834 152.7822683803 0.0000000000 0.0000000000 0.0000000000 1.0000000000
20230803 18 05 06.299 0.9999590755 0.0052889716 -0.0073398948 44.9637043732 -0.0062602972 0.9902241866 -0.1393444256 -26.5927366075 0.0065311527 0.1393846729 0.9902167727 152.9212647752 0.0000000000 0.0000000000 0.0000000000 1.0000000000
20230803 18 04 09.000 0.9984392630 0.0113519110 0.0546824670 40.8296053267 -0.0060302948 0.9953130083 -0.0965176202 -35.4089963165 -0.0555218301 0.0960372301 0.9938280419 150.8580278914 0.0000000000 0.0000000000 0.0000000000 1.0000000000
20230803 18 05 06.356 0.9999729981 0.0070135617 -0.0021938770 44.6075102544 -0.0072563174 0.9895603132 -0.1439365572 -26.5993371065 0.0011614657 0.1439485901 0.9895844857 153.1856433661 0.0000000000 0.0000000000 0.0000000000 1.0000000000
20230803 18 05 06.413 0.9999561321 0.0060687292 -0.0071347341 44.1260375801 -0.0070405350 0.9893772730 -0.1452000087 -26.1092124219 0.0061777643 0.1452438714 0.9893765982 152.9470660915 0.0000000000 0.0000000000 0.0000000000 1.0000000000
20230803 18 05 06.470 0.9999796269 0.0063052849 -0.0009945879 43.5785852428 -0.0063828261 0.9894876749 -0.1444762983 -25.4974973270 0.0000731682 0.1444797032 0.9895077615 152.8741669322 0.0000000000 0.0000000000 0.0000000000 1.0000000000
20230803 18 05 06.557 0.9999644072 0.0082124008 -0.0019341132 43.1003014342 -0.0084116618 0.9881839656 -0.1530414784 -25.7812219368 0.0006544216 0.1530523003 0.9882178733 153.3203331397 0.0000000000 0.0000000000 0.0000000000 1.0000000000
20230803 18 05 06.614 0.9999753536 0.0065533203 -0.0025191529 42.9680515741 -0.0068411088 0.9901603568 -0.1397700504 -26.2892252124 0.0015784074 0.1397838394 0.9901807849 153.4361193567 0.0000000000 0.0000000000 0.0000000000 1.0000000000
20230803 18 05 06.671 0.9999771516 0.0063222010 0.0023929234 42.5368261715 -0.0058941485 0.9887764982 -0.1492859522 -26.2919468515 -0.0033098823 0.1492684370 0.9887911703 153.8973826237 0.0000000000 0.0000000000 0.0000000000 1.0000000000
20230803 18 05 06.728 0.9999330682 0.0079070651 0.0084461482 41.7224503745 -0.0064594318 0.9871849193 -0.1594497126 -26.3247136319 -0.0095986894 0.1593844830 0.9871699204 154.3242439303 0.0000000000 0.0000000000 0.0000000000 1.0000000000
20230803 18 05 06.784 0.9999686898 0.0051788207 0.0059832414 41.4855321077 -0.0042203933 0.9886223871 -0.1503594491 -26.9748442294 -0.0066938510 0.1503294897 0.9886132899 154.8396252771 0.0000000000 0.0000000000 0.0000000000 1.0000000000
20230803 18 05 06.841 0.9999531996 0.0069536969 0.0067264134 41.1731517167 -0.0058383983 0.9881207166 -0.1535687548 -27.3665563248 -0.0077143790 0.1535222963 0.9881150707 155.2035529318 0.0000000000 0.0000000000 0.0000000000 1.0000000000
20230803 18 05 06.897 0.9999509305 0.0068487259 0.0071576175 41.1609823625 -0.0057876156 0.9902774594 -0.1389858156 -28.4607476039 -0.0080399031 0.1389375701 0.9902685048 155.7361594589 0.0000000000 0.0000000000 0.0000000000 1.0000000000
20230803 18 04 09.058 0.9985831318 0.0112808605 0.0520045297 40.8376401908 -0.0064176001 0.9956686181 -0.0927513741 -35.4034698026 -0.0528255935 0.0922862134 0.9943302829 150.7938860342 0.0000000000 0.0000000000 0.0000000000 1.0000000000
20230803 18 05 06.954 0.9999478105 0.0073463263 0.0070998482 41.2416391671 -0.0062482549 0.9895702717 -0.1439153803 -29.1012261882 -0.0080830481 0.1438635078 0.9895645282 155.8811074075 0.0000000000 0.0000000000 0.0000000000 1.0000000000
20230803 18 05 07.011 0.9999542623 0.0071189867 0.0063869719 41.4869905538 -0.0061538449 0.9901132530 -0.1401352077 -29.7703709541 -0.0073214462 0.1400894938 0.9901117766 156.1700455653 0.0000000000 0.0000000000 0.0000000000 1.0000000000
20230803 18 05 07.068 0.9999260042 0.0051316089 0.0110296284 41.5476882940 -0.0035449704 0.9902389847 -0.1393347992 -29.3295192564 -0.0116369798 0.1392853893 0.9901839026 156.2836320902 0.0000000000 0.0000000000 0.0000000000 1.0000000000
20230803 18 05 07.124 0.9999265916 0.0093035886 0.0077623909 41.4255986534 -0.0081344523 0.9902568892 -0.1390148337 -28.4492804334 -0.0089800979 0.1389414861 0.9902598756 155.8525718106 0.0000000000 0.0000000000 0.0000000000 1.0000000000
20230803 18 05 07.182 0.9999597345 0.0075389235 0.0048676484 41.8288831556 -0.0068134018 0.9908343602 -0.1349105192 -28.8097611614 -0.0058401134 0.1348719217 0.9908458295 155.9056454367 0.0000000000 0.0000000000 0.0000000000 1.0000000000
20230803 18 05 07.238 0.9999165417 0.0080579313 0.0100984831 42.0451217432 -0.0065785979 0.9902980875 -0.1388035303 -28.8197484602 -0.0111189778 0.1387255122 0.9902684488 156.0728525135 0.0000000000 0.0000000000 0.0000000000 1.0000000000
20230803 18 05 07.296 0.9998243833 0.0052806637 0.0179810213 41.5299175972 -0.0027848396 0.9906916348 -0.1360967648 -28.4512911192 -0.0185323287 0.1360227897 0.9905323586 156.2121823097 0.0000000000 0.0000000000 0.0000000000 1.0000000000
20230803 18 05 07.415 0.9999797114 0.0063561193 0.0004202265 41.0230418235 -0.0062511199 0.9918659029 -0.1271336079 -29.5250912969 -0.0012248848 0.1271284016 0.9918855121 156.0183215855 0.0000000000 0.0000000000 0.0000000000 1.0000000000
20230803 18 05 07.472 0.9998782656 0.0050617127 0.0147591700 41.7868138612 -0.0033811804 0.9937315333 -0.1117416995 -30.8738198174 -0.0152322570 0.1116781933 0.9936276765 156.6029646156 0.0000000000 0.0000000000 0.0000000000 1.0000000000
20230803 18 05 07.529 0.9999694338 0.0011891756 0.0077277013 43.1580684313 -0.0002361075 0.9925080023 -0.1221794157 -29.5134382272 -0.0078150982 0.1221738565 0.9924779459 156.1378640368 0.0000000000 0.0000000000 0.0000000000 1.0000000000
20230803 18 04 09.116 0.9982931020 0.0127074699 0.0570035330 40.8606175035 -0.0068445043 0.9947719045 -0.1018921523 -35.4274831359 -0.0580003045 0.1013280718 0.9931609067 150.9384076396 0.0000000000 0.0000000000 0.0000000000 1.0000000000
20230803 18 05 07.584 0.9999269969 0.0001747801 0.0120818214 43.5872464043 0.0014219730 0.9912451832 -0.1320263793 -28.2158336229 -0.0119991229 0.1320339210 0.9911725706 156.1818981861 0.0000000000 0.0000000000 0.0000000000 1.0000000000
20230803 18 05 07.640 0.9999152093 0.0011254934 0.0129733333 43.9252149013 0.0005685600 0.9915345962 -0.1298415238 -27.7253128026 -0.0130096446 0.1298378906 0.9914498834 155.9311994581 0.0000000000 0.0000000000 0.0000000000 1.0000000000
20230803 18 05 07.697 0.9999334042 -0.0002008915 0.0115389242 44.1222233061 0.0016583851 0.9919727131 -0.1264412366 -28.3099334682 -0.0114208970 0.1264519521 0.9919069850 156.0275371783 0.0000000000 0.0000000000 0.0000000000 1.0000000000
20230803 18 05 07.753 0.9999744797 -0.0011504404 0.0070509931 44.4439806308 0.0019580181 0.9932914280 -0.1156213878 -29.4315347867 -0.0068706755 0.1156322430 0.9932683314 156.2655547714 0.0000000000 0.0000000000 0.0000000000 1.0000000000
20230803 18 05 07.809 0.9999925319 0.0016331927 0.0035027004 44.7940703315 -0.0011979387 0.9926703742 -0.1208473957 -29.4972932560 -0.0036743940 0.1208422972 0.9926649173 156.3483229128 0.0000000000 0.0000000000 0.0000000000 1.0000000000
20230803 18 05 07.866 0.9999942544 0.0030662901 0.0014453639 45.0006989135 -0.0028612501 0.9921303413 -0.1251766717 -29.7858472153 -0.0018178173 0.1251718169 0.9921334143 156.1390013880 0.0000000000 0.0000000000 0.0000000000 1.0000000000
20230803 18 05 07.923 0.9999780855 -0.0010150331 0.0065420337 45.3835437082 0.0017949360 0.9927316167 -0.1203358442 -30.7450187061 -0.0063723389 0.1203449497 0.9927116834 156.0072644807 0.0000000000 0.0000000000 0.0000000000 1.0000000000
20230803 18 05 07.979 0.9999940301 -0.0025778099 0.0023010229 45.3663181624 0.0028326360 0.9929313500 -0.1186562697 -30.5835499562 -0.0019788845 0.1186620792 0.9929327243 155.6639766061 0.0000000000 0.0000000000 0.0000000000 1.0000000000
20230803 18 05 08.036 0.9999933604 0.0013070226 0.0034015822 44.9651908943 -0.0008765429 0.9923307757 -0.1236076987 -29.8339828250 -0.0035370527 0.1236038964 0.9923253328 155.3668252255 0.0000000000 0.0000000000 0.0000000000 1.0000000000
20230803 18 05 08.091 0.9999550708 0.0047160541 0.0082228481 44.6814798764 -0.0035720127 0.9909782915 -0.1339748728 -29.1854778959 -0.0087804967 0.1339394813 0.9909506134 155.4210168140 0.0000000000 0.0000000000 0.0000000000 1.0000000000
20230803 18 04 09.174 0.9984299873 0.0110373081 0.0549157372 40.8298605265 -0.0058507294 0.9955809118 -0.0937252208 -35.3839389319 -0.0557075339 0.0932567739 0.9940824135 150.7927762280 0.0000000000 0.0000000000 0.0000000000 1.0000000000
20230803 18 05 08.148 0.9999834772 0.0035631863 0.0045109883 44.8106149782 -0.0028997887 0.9902372937 -0.1393617359 -28.6811976432 -0.0049635207 0.1393463524 0.9902312647 155.1081169091 0.0000000000 0.0000000000 0.0000000000 1.0000000000
20230803 18 05 08.205 0.9999827591 0.0025790010 0.0052754315 44.1773836340 -0.0018137746 0.9901173843 -0.1402293673 -28.2082813920 -0.0055849481 0.1402173812 0.9901049916 155.0645973591 0.0000000000 0.0000000000 0.0000000000 1.0000000000
20230803 18 05 08.261 0.9999715989 0.0025337972 0.0070979729 44.1561409421 -0.0014773568 0.9894208307 -0.1450663200 -27.6618183178 -0.0073904509 0.1450517137 0.9893964734 154.8989802216 0.0000000000 0.0000000000 0.0000000000 1.0000000000
20230803 18 05 08.317 0.9999490248 0.0015434377 0.0099782583 44.0317060807 -0.0000971565 0.9896725860 -0.1433463048 -27.3891105194 -0.0100964548 0.1433380282 0.9896222872 154.9177209762 0.0000000000 0.0000000000 0.0000000000 1.0000000000
20230803 18 05 08.374 0.9999805349 0.0033889891 0.0052387538 43.6953058696 -0.0025534521 0.9883796912 -0.1519837686 -27.1944494240 -0.0056929492 0.1519674333 0.9883691059 154.5835500328 0.0000000000 0.0000000000 0.0000000000 1.0000000000
20230803 18 05 08.430 0.9999467880 0.0037534255 0.0096090058 43.6377051324 -0.0023155066 0.9893558515 -0.1454978950 -26.9347795175 -0.0100528416 0.1454679030 0.9893118970 154.7747765181 0.0000000000 0.0000000000 0.0000000000 1.0000000000
20230803 18 05 08.487 0.9999511245 0.0056706914 0.0080988821 43.6834380086 -0.0043738330 0.9883691593 -0.1520107711 -27.2187507747 -0.0088666914 0.1519679184 0.9883456549 154.6839667954 0.0000000000 0.0000000000 0.0000000000 1.0000000000
20230803 18 05 08.544 0.9999468188 0.0072521755 0.0073324992 43.6951130522 -0.0060322918 0.9879721302 -0.1545143403 -27.6626400652 -0.0083648699 0.1544618912 0.9879633359 154.7676434560 0.0000000000 0.0000000000 0.0000000000 1.0000000000
20230803 18 05 08.601 0.9999628722 0.0057928652 0.0063794081 43.7674730660 -0.0047629724 0.9885161863 -0.1510399405 -28.1172404037 -0.0071811022 0.1510039477 0.9885070761 154.7109917918 0.0000000000 0.0000000000 0.0000000000 1.0000000000
20230803 18 05 08.657 0.9999506915 0.0067921165 0.0072444248 43.7634954109 -0.0056641389 0.9893098487 -0.1457187044 -28.2853542991 -0.0081567192 0.1456704858 0.9892995388 154.7075545172 0.0000000000 0.0000000000 0.0000000000 1.0000000000
20230803 18 04 09.232 0.9984860115 0.0111696891 0.0538602156 40.8225563507 -0.0058386234 0.9951555768 -0.0981391278 -35.4011669771 -0.0546954775 0.0976760768 0.9937141384 150.8294052753 0.0000000000 0.0000000000 0.0000000000 1.0000000000
20230803 18 05 08.715 0.9999762009 0.0062747595 0.0028679159 43.7825854164 -0.0057841638 0.9890852374 -0.1472308953 -28.3623413950 -0.0037604518 0.1472108028 0.9890979924 154.4585583934 0.0000000000 0.0000000000 0.0000000000 1.0000000000
20230803 18 05 08.771 0.9999622958 0.0070088011 0.0051267606 43.7450952990 -0.0062024257 0.9896722935 -0.1432141105 -28.6917125917 -0.0060775721 0.1431769124 0.9896784502 154.5463475255 0.0000000000 0.0000000000 0.0000000000 1.0000000000
20230803 18 05 08.828 0.9999723421 0.0067847550 0.0030466549 43.9694881361 -0.0062939503 0.9902198779 -0.1393735258 -28.9825508212 -0.0039624735 0.1393504955 0.9902351934 154.4894685500 0.0000000000 0.0000000000 0.0000000000 1.0000000000
20230803 18 05 08.885 0.9999622760 0.0076750174 0.0040670182 43.9129708054 -0.0070254924 0.9899992199 -0.1408977890 -28.8132713643 -0.0051077378 0.1408639010 0.9900157940 154.5003469440 0.0000000000 0.0000000000 0.0000000000 1.0000000000
20230803 18 05 08.942 0.9999613028 0.0078855941 0.0039000317 43.7397155835 -0.0072335146 0.9893091319 -0.1456541034 -28.6728070196 -0.0050069061 0.1456202560 0.9893278890 154.4362697803 0.0000000000 0.0000000000 0.0000000000 1.0000000000
20230803 18 05 08.999 0.9999497134 0.0070952802 0.0070871528 43.6830136942 -0.0059974980 0.9894975009 -0.1444255021 -28.7022941527 -0.0080374594 0.1443757342 0.9894902964 154.6770721197 0.0000000000 0.0000000000 0.0000000000 1.0000000000
20230803 18 05 09.056 0.9999320117 0.0052042331 0.0104349343 43.6144808588 -0.0036767946 0.9899474548 -0.1413878280 -28.7905263120 -0.0110658519 0.1413398482 0.9898992849 154.7233930558 0.0000000000 0.0000000000 0.0000000000 1.0000000000
20230803 18 05 09.114 0.9999633058 0.0058963043 0.0062145517 43.5006200268 -0.0049406744 0.9895779030 -0.1439137368 -28.8902675926 -0.0069983422 0.1438777519 0.9895707229 154.5903322144 0.0000000000 0.0000000000 0.0000000000 1.0000000000
20230803 18 05 09.171 0.9999526677 0.0049585020 0.0083711216 43.5470451876 -0.0037178093 0.9898298257 -0.1422079253 -29.2005090532 -0.0089911241 0.1421700721 0.9898014095 154.7875621866 0.0000000000 0.0000000000 0.0000000000 1.0000000000
20230803 18 05 09.228 0.9999727281 0.0051501701 0.0052932884 43.4730723077 -0.0043368180 0.9896280406 -0.1435880683 -29.3042856199 -0.0059778896 0.1435611963 0.9896233868 154.7130173836 0.0000000000 0.0000000000 0.0000000000 1.0000000000
20230803 18 04 09.289 0.9986584222 0.0105235119 0.0507011971 40.7791397919 -0.0059449678 0.9959580354 -0.0896228162 -35.4165252559 -0.0514394114 0.0892011632 0.9946844421 150.6874774937 0.0000000000 0.0000000000 0.0000000000 1.0000000000
20230803 18 05 09.284 0.9999633811 0.0042743731 0.0074139237 43.5040307062 -0.0031575831 0.9894868286 -0.1445885396 -29.4407989822 -0.0079540053 0.1445598348 0.9894640913 154.8222341004 0.0000000000 0.0000000000 0.0000000000 1.0000000000
20230803 18 05 09.418 0.9999408371 0.0054243546 0.0094286109 43.5886158429 -0.0040524127 0.9901611009 -0.1398734147 -29.4028438586 -0.0100945668 0.1398269308 0.9901245018 154.9910339541 0.0000000000 0.0000000000 0.0000000000 1.0000000000
20230803 18 05 09.477 0.9999154424 0.0056546261 0.0117103922 43.6232328340 -0.0039443655 0.9899687981 -0.1412310903 -29.4876192829 -0.0123915319 0.1411729580 0.9899073926 155.0996140196 0.0000000000 0.0000000000 0.0000000000 1.0000000000
20230803 18 05 09.538 0.9999226747 0.0061850105 0.0107884337 43.6377163924 -0.0045888989 0.9898342846 -0.1421514369 -29.5990754453 -0.0115579697 0.1420909380 0.9897861277 155.1743575916 0.0000000000 0.0000000000 0.0000000000 1.0000000000
20230803 18 05 09.595 0.9999593271 0.0051369216 0.0074132394 43.5805056025 -0.0040374197 0.9899481891 -0.1413728480 -29.7806106715 -0.0080649441 0.1413371676 0.9899286650 155.0995781976 0.0000000000 0.0000000000 0.0000000000 1.0000000000
20230803 18 05 09.655 0.9999500381 0.0043516527 0.0089991373 43.5921308925 -0.0030812875 0.9906153880 -0.1366442780 -29.9655376911 -0.0095093124 0.1366097220 0.9905793037 155.2836016228 0.0000000000 0.0000000000 0.0000000000 1.0000000000
20230803 18 05 09.729 0.9999706274 0.0031655160 0.0069802472 43.5447843118 -0.0022253187 0.9914055157 -0.1308057771 -30.2879978879 -0.0073343233 0.1307864017 0.9913834399 155.2956077964 0.0000000000 0.0000000000 0.0000000000 1.0000000000
20230803 18 05 09.788 0.9999609133 0.0029027863 0.0083513869 43.5185303454 -0.0017745769 0.9912406447 -0.1320561816 -30.3944035173 -0.0086615650 0.1320361998 0.9912070517 155.3067511851 0.0000000000 0.0000000000 0.0000000000 1.0000000000
20230803 18 05 09.845 0.9999792605 0.0041690306 0.0049089558 43.4744045778 -0.0034707751 0.9909033972 -0.1345303354 -30.4532893680 -0.0054251620 0.1345105074 0.9908973161 155.2542708070 0.0000000000 0.0000000000 0.0000000000 1.0000000000
20230803 18 05 09.904 0.9999784957 0.0033410306 0.0056431982 43.4395406960 -0.0025823326 0.9915800392 -0.1294695229 -30.4270746397 -0.0060282444 0.1294521662 0.9915673436 155.1983286783 0.0000000000 0.0000000000 0.0000000000 1.0000000000
20230803 18 04 09.410 0.9985070400 0.0120836343 0.0532698500 40.7979106396 -0.0069327349 0.9953726952 -0.0958391092 -35.5614101452 -0.0541814389 0.0953267195 0.9939704162 150.7838342615 0.0000000000 0.0000000000 0.0000000000 1.0000000000
20230803 18 05 09.961 0.9999479812 0.0041639235 0.0093110994 43.4454014579 -0.0028795306 0.9909869392 -0.1339275723 -30.3559017947 -0.0097848421 0.1338937940 0.9909473794 155.3221335188 0.0000000000 0.0000000000 0.0000000000 1.0000000000
20230803 18 05 10.020 0.9999782735 0.0041685578 0.0051064334 43.3540769835 -0.0034691425 0.9915020190 -0.1300450358 -30.1861153362 -0.0056051393 0.1300244954 0.9914949385 155.1519439108 0.0000000000 0.0000000000 0.0000000000 1.0000000000
20230803 18 05 10.078 0.9999673127 0.0054751732 0.0059494613 43.4037793846 -0.0046150610 0.9906938516 -0.1360308556 -30.1578949444 -0.0066388872 0.1359989520 0.9906867367 155.1732944883 0.0000000000 0.0000000000 0.0000000000 1.0000000000
20230803 18 05 10.139 0.9999693764 0.0050154855 0.0060075939 43.4694364926 -0.0041742962 0.9911532799 -0.1326565147 -30.1414507113 -0.0066197833 0.1326273748 0.9911438634 155.1897583651 0.0000000000 0.0000000000 0.0000000000 1.0000000000
20230803 18 05 10.197 0.9999836455 0.0047316821 0.0032124701 43.4487064931 -0.0042760073 0.9915755636 -0.1294589411 -30.2144859188 -0.0037979654 0.1294430874 0.9915795796 154.9774788447 0.0000000000 0.0000000000 0.0000000000 1.0000000000
20230803 18 05 10.256 0.9999780054 0.0046055102 0.0047726373 43.5366876213 -0.0039257863 0.9910059744 -0.1337600345 -30.3862477695 -0.0053457452 0.1337383561 0.9910022579 155.1859559183 0.0000000000 0.0000000000 0.0000000000 1.0000000000
20230803 18 05 10.314 0.9999752023 0.0034309302 0.0061500748 43.5137295717 -0.0026178888 0.9918164075 -0.1276454485 -30.5655046941 -0.0065376877 0.1276261830 0.9918007945 155.2088476310 0.0000000000 0.0000000000 0.0000000000 1.0000000000
20230803 18 05 10.373 0.9999857989 0.0037400293 0.0037966092 43.3622031264 -0.0031929221 0.9908292699 -0.1350820608 -30.2185175650 -0.0042670024 0.1350680202 0.9908271406 154.9739023827 0.0000000000 0.0000000000 0.0000000000 1.0000000000
20230803 18 05 10.430 0.9999664513 0.0038736102 0.0072174361 43.2699701183 -0.0029214753 0.9918279526 -0.1275491179 -30.0081045720 -0.0076525304 0.1275237532 0.9918059947 155.0910767479 0.0000000000 0.0000000000 0.0000000000 1.0000000000
20230803 18 05 10.488 0.9999574043 0.0044043437 0.0081111873 43.3547773858 -0.0033233586 0.9916695744 -0.1287649428 -30.0502930933 -0.0086107427 0.1287325016 0.9916419707 154.8884362697 0.0000000000 0.0000000000 0.0000000000 1.0000000000
20230803 18 04 09.470 0.9985152698 0.0113134472 0.0532847251 40.8051229295 -0.0062140443 0.9954663117 -0.0949115798 -35.5961167228 -0.0541169259 0.0944395481 0.9940586150 150.8379666949 0.0000000000 0.0000000000 0.0000000000 1.0000000000
20230803 18 05 10.546 0.9999267959 0.0038946015 0.0114557789 43.5148129940 -0.0023256482 0.9909908496 -0.1339094002 -30.2862552416 -0.0118740958 0.1338729554 0.9909273625 155.0113253840 0.0000000000 0.0000000000 0.0000000000 1.0000000000
20230803 18 05 10.606 0.9999668739 0.0013507341 0.0080266204 43.5194631644 -0.0003546167 0.9924277951 -0.1228289286 -30.5424836141 -0.0081317504 0.1228220134 0.9923953989 154.6812676423 0.0000000000 0.0000000000 0.0000000000 1.0000000000
20230803 18 05 10.663 0.9999839456 0.0016895094 0.0054087122 43.5209106555 -0.0010400796 0.9930254608 -0.1178955148 -30.6137605880 -0.0055701745 0.1178879965 0.9930112756 154.3326481665 0.0000000000 0.0000000000 0.0000000000 1.0000000000
20230803 18 05 10.721 0.9999717335 0.0008885374 0.0074661086 43.7776135894 -0.0000064440 0.9930936395 -0.1173244350 -31.0305486440 -0.0075187921 0.1173210706 0.9930655740 154.3564982571 0.0000000000 0.0000000000 0.0000000000 1.0000000000
20230803 18 05 10.778 0.9999910391 -0.0000946077 0.0042323433 43.7639331225 0.0005855503 0.9932317593 -0.1161478777 -31.4917585345 -0.0041927093 0.1161493151 0.9932229144 154.1556430343 0.0000000000 0.0000000000 0.0000000000 1.0000000000
20230803 18 05 10.835 0.9999809730 -0.0004444771 0.0061527281 43.7427609688 0.0011302077 0.9937186333 -0.1119017448 -31.8312640614 -0.0060643428 0.1119065695 0.9937002282 154.1153617907 0.0000000000 0.0000000000 0.0000000000 1.0000000000
20230803 18 05 10.892 0.9999834822 -0.0012316345 0.0056141177 43.6628775152 0.0018181376 0.9943971306 -0.1056931452 -32.1659499332 -0.0054524872 0.1057016066 0.9943829447 154.1407792817 0.0000000000 0.0000000000 0.0000000000 1.0000000000
20230803 18 05 10.950 0.9999484337 0.0001489781 0.0101541964 43.5172704985 0.0009454009 0.9941845149 -0.1076859160 -32.3996006417 -0.0101111876 0.1076899628 0.9941331077 154.2297952150 0.0000000000 0.0000000000 0.0000000000 1.0000000000
20230803 18 05 11.007 0.9999834718 0.0020257280 0.0053807600 43.4198387126 -0.0014063168 0.9936257415 -0.1127204870 -31.8661132757 -0.0055748027 0.1127110569 0.9936121674 154.2670408810 0.0000000000 0.0000000000 0.0000000000 1.0000000000
20230803 18 05 11.064 0.9999830455 0.0033102715 0.0047907065 43.4309662680 -0.0026876174 0.9922041659 -0.1245940203 -31.1400115631 -0.0051657989 0.1245790323 0.9921962403 154.4494102477 0.0000000000 0.0000000000 0.0000000000 1.0000000000
20230803 18 04 09.528 0.9984615373 0.0105581913 0.0544342085 40.7971683335 -0.0054271726 0.9955987908 -0.0935606409 -35.6231680440 -0.0551824633 0.0931212775 0.9941244004 150.8272256498 0.0000000000 0.0000000000 0.0000000000 1.0000000000
20230803 18 05 11.121 0.9999745830 0.0041683897 0.0057842759 43.5376456006 -0.0033724524 0.9913278162 -0.1313688984 -31.2668008727 -0.0062817103 0.1313460522 0.9913166773 154.7629589318 0.0000000000 0.0000000000 0.0000000000 1.0000000000
20230803 18 05 11.178 0.9999194630 0.0042054210 0.0119742209 43.4987096311 -0.0025438024 0.9907684383 -0.1355412510 -31.0312863769 -0.0124336881 0.1354998748 0.9906993425 155.0457878130 0.0000000000 0.0000000000 0.0000000000 1.0000000000
20230803 18 05 11.235 0.9999739971 0.0048843061 0.0053055347 43.2808239391 -0.0041334211 0.9910640961 -0.1333224369 -30.2975972205 -0.0059093125 0.1332970401 0.9910585145 154.8056332455 0.0000000000 0.0000000000 0.0000000000 1.0000000000
20230803 18 05 11.292 0.9999345280 0.0059541075 0.0097718152 43.2777792756 -0.0045268004 0.9901298463 -0.1400799611 -29.8124357687 -0.0105094170 0.1400265547 0.9900919736 154.9873357434 0.0000000000 0.0000000000 0.0000000000 1.0000000000
20230803 18 05 11.413 0.9999744808 0.0041294881 0.0058296728 43.2201476072 -0.0033004390 0.9907482006 -0.1356728052 -29.9412347482 -0.0063359970 0.1356501024 0.9907365466 155.0821302645 0.0000000000 0.0000000000 0.0000000000 1.0000000000
20230803 18 05 11.472 0.9999397079 0.0048311911 0.0098610427 43.2590733340 -0.0034524689 0.9907950554 -0.1353264156 -30.1581415833 -0.0104240602 0.1352842115 0.9907519978 155.1687235306 0.0000000000 0.0000000000 0.0000000000 1.0000000000
20230803 18 05 11.529 0.9999436454 0.0059060168 0.0088218500 43.2780742398 -0.0046392451 0.9905215767 -0.1372788532 -30.3629760038 -0.0095490040 0.1372301902 0.9904931557 155.3394124405 0.0000000000 0.0000000000 0.0000000000 1.0000000000
20230803 18 05 11.587 0.9999297910 0.0070308343 0.0095383651 43.3119174311 -0.0056216486 0.9900702837 -0.1404607790 -30.4888938637 -0.0104312083 0.1403972961 0.9900402967 155.4152675799 0.0000000000 0.0000000000 0.0000000000 1.0000000000
20230803 18 05 11.644 0.9999388034 0.0068365129 0.0086977874 43.3342887674 -0.0055422490 0.9899968877 -0.1409803032 -30.4945359302 -0.0095745961 0.1409234704 0.9899741929 155.4683673469 0.0000000000 0.0000000000 0.0000000000 1.0000000000
20230803 18 05 11.701 0.9998066603 0.0066460125 0.0185060162 43.4295459529 -0.0039825835 0.9900863336 -0.1404036714 -30.5275201132 -0.0192556783 0.1403028241 0.9899213789 155.7860369718 0.0000000000 0.0000000000 0.0000000000 1.0000000000
20230803 18 04 09.586 0.9985919343 0.0115086859 0.0517851219 40.7118501888 -0.0066589523 0.9956562725 -0.0928668148 -35.5900469935 -0.0526289564 0.0923912176 0.9943309589 150.7779228693 0.0000000000 0.0000000000 0.0000000000 1.0000000000
20230803 18 05 11.759 0.9999391060 0.0062439250 0.0090993185 43.3778739433 -0.0049513100 0.9907333998 -0.1357306713 -30.3697024079 -0.0098624909 0.1356773526 0.9907039857 155.5210976188 0.0000000000 0.0000000000 0.0000000000 1.0000000000
20230803 18 05 11.818 0.9999643757 0.0061013340 0.0058327599 43.3272405741 -0.0052525031 0.9907157048 -0.1358484576 -30.1597905791 -0.0066074636 0.1358129815 0.9907124585 155.3694815970 0.0000000000 0.0000000000 0.0000000000 1.0000000000
20230803 18 05 11.896 0.9999572730 0.0064938292 0.0065789316 43.3095640486 -0.0055436852 0.9907811592 -0.1353586423 -30.0014410782 -0.0073972774 0.1353163873 0.9907748259 155.3925970270 0.0000000000 0.0000000000 0.0000000000 1.0000000000
20230803 18 05 11.957 0.9999732519 0.0060493021 0.0041111412 43.3008295684 -0.0054199237 0.9902984601 -0.1388509427 -29.9144853745 -0.0049112081 0.1388249466 0.9903047583 155.3337918913 0.0000000000 0.0000000000 0.0000000000 1.0000000000
20230803 18 05 12.015 0.9999471244 0.0054835450 0.0086993779 43.3568595541 -0.0042645726 0.9909151157 -0.1344211553 -29.9396157056 -0.0093574496 0.1343769486 0.9908861054 155.4678702217 0.0000000000 0.0000000000 0.0000000000 1.0000000000
20230803 18 05 12.074 0.9999556191 0.0065059334 0.0068141587 43.3299194471 -0.0054889165 0.9901526336 -0.1398843594 -29.9259849800 -0.0076571355 0.1398407489 0.9901444002 155.4176686038 0.0000000000 0.0000000000 0.0000000000 1.0000000000
20230803 18 05 12.132 0.9999618276 0.0061500755 0.0062064474 43.3208539196 -0.0052444999 0.9906076998 -0.1366341114 -29.9162992315 -0.0069884647 0.1365963460 0.9906021399 155.4064567972 0.0000000000 0.0000000000 0.0000000000 1.0000000000
20230803 18 05 12.189 0.9999715718 0.0063855289 0.0040100669 43.3248004257 -0.0057561823 0.9899873611 -0.1410386158 -29.8879087056 -0.0048705217 0.1410115237 0.9899959738 155.3936336793 0.0000000000 0.0000000000 0.0000000000 1.0000000000
20230803 18 05 12.247 0.9999636534 0.0067215413 0.0052452531 43.3365239744 -0.0059157698 0.9900117501 -0.1408607054 -29.8113904625 -0.0061396632 0.1408245559 0.9900155297 155.4644600963 0.0000000000 0.0000000000 0.0000000000 1.0000000000
20230803 18 05 12.305 0.9999210799 0.0074741661 0.0100980607 43.3969038808 -0.0059968911 0.9902562622 -0.1391278994 -29.7755759321 -0.0110395328 0.1390563624 0.9902229329 155.6614879416 0.0000000000 0.0000000000 0.0000000000 1.0000000000
20230803 18 04 09.645 0.9984988435 0.0112485231 0.0536053191 40.7270882223 -0.0062225316 0.9956448368 -0.0930195623 -35.6274791775 -0.0544181919 0.0925463645 0.9942202124 150.8025994443 0.0000000000 0.0000000000 0.0000000000 1.0000000000
20230803 18 05 12.364 0.9999641450 0.0084111701 0.0009802683 43.3504559420 -0.0081849378 0.9897139404 -0.1428261988 -29.6865248448 -0.0021715207 0.1428130544 0.9897472991 155.4878101408 0.0000000000 0.0000000000 0.0000000000 1.0000000000
20230803 18 05 12.422 0.9999638427 0.0071614894 0.0045854524 43.3708259989 -0.0064455063 0.9900401163 -0.1406379166 -29.6310747256 -0.0055469588 0.1406032759 0.9900504785 155.4936301761 0.0000000000 0.0000000000 0.0000000000 1.0000000000
20230803 18 05 12.480 0.9999573590 0.0081649337 0.0043144046 43.3595028316 -0.0074562134 0.9894850647 -0.1444427623 -29.6157121420 -0.0054484045 0.1444044340 0.9895037516 155.4897277104 0.0000000000 0.0000000000 0.0000000000 1.0000000000
